0.166534,0.029604,0.222310
0.159636,0.033715,0.137080
0.113310,0.034729,0.240552
0.119573,0.039840,0.169001
0.075684,0.032160,0.191114
0.072881,0.035507,0.118702
0.040594,0.035533,0.217984
0.042492,0.042364,0.152062
0.024372,0.006450,0.559635
0.031233,0.016561,0.541675
0.007050,0.018234,0.562551
0.010229,0.012938,0.539468
-0.018536,0.027277,0.545487
-0.013829,0.038241,0.501987
-0.048566,0.037290,0.560255
-0.042631,0.039468,0.518893
0.158830,0.023231,0.464940
0.162954,0.021069,0.398411
0.121719,0.023076,0.491501
0.125498,0.023899,0.429923
0.093278,0.041630,0.422758
0.099060,0.040202,0.377422
0.069538,0.043959,0.442057
0.069488,0.041671,0.387726
0.329090,0.023059,0.270059
0.323556,0.025051,0.211684
0.331399,0.021195,0.338204
0.325643,0.029955,0.178834
0.285462,0.033691,0.230045
0.285054,0.039928,0.194544
0.288743,0.041037,0.267257
0.283145,0.043679,0.172768
0.161073,0.051738,0.206754
0.172520,0.051308,0.162656
0.174357,0.050341,0.269492
0.166458,0.057544,0.130519
0.113437,0.056299,0.252311
0.130205,0.057801,0.215182
0.122723,0.055728,0.324163
0.119343,0.059267,0.173274
0.242234,-0.311145,0.554612
0.245406,-0.308833,0.549482
0.236272,-0.306626,0.553768
0.238702,-0.308072,0.549637
0.227499,-0.308688,0.538319
0.230057,-0.298489,0.538539
0.229251,-0.293576,0.538329
0.228814,-0.298826,0.534606
-0.009422,0.003199,0.537201
-0.001732,0.002362,0.501931
-0.036893,0.017651,0.542917
-0.035002,0.005532,0.509175
0.000503,-0.001248,0.540166
0.006309,0.003402,0.504091
-0.019033,0.011514,0.553420
-0.020281,0.003491,0.514608
0.188156,-0.038185,0.574323
0.188663,-0.021210,0.534490
0.158656,-0.021622,0.578447
0.164336,-0.024566,0.539011
0.110831,-0.000180,0.536923
0.123088,0.009018,0.523537
0.111052,0.012735,0.557536
0.108499,0.007452,0.505556
0.153730,0.031294,0.327712
0.170997,0.036576,0.276720
0.137674,0.036839,0.366400
0.135113,0.034965,0.276624
0.087711,0.049192,0.319462
0.094289,0.050484,0.280754
0.078890,0.050753,0.347747
0.075513,0.050719,0.286422
0.248834,0.008279,0.118486
0.254344,0.007555,0.068714
0.212683,0.009567,0.128910
0.216445,0.010126,0.084970
0.187928,0.030803,0.183586
0.209348,0.031847,0.143977
0.135184,0.034566,0.188844
0.157098,0.028930,0.148819
0.228671,0.025431,0.303571
0.237787,0.028804,0.234651
0.188574,0.029409,0.334623
0.192390,0.029322,0.252840
0.163197,0.047706,0.288061
0.173156,0.057249,0.208127
0.099680,0.053959,0.306215
0.113520,0.061482,0.222810
0.037604,-0.006145,0.544340
0.063399,0.013359,0.510312
-0.003154,0.018246,0.546799
0.012151,0.009484,0.500132
-0.026897,-0.001701,0.496976
-0.023141,0.000416,0.434689
-0.056421,0.005006,0.518310
-0.051236,0.005326,0.462851
0.267028,0.036823,0.047465
0.271417,0.043516,0.007033
0.243613,0.047776,0.066830
0.242275,0.042438,0.025148
0.226319,0.025444,0.074297
0.258540,0.059695,0.085510
0.180385,0.067463,0.078479
0.195096,0.040537,0.052582
0.086327,0.029268,0.517467
0.096061,0.031752,0.477599
0.064839,0.036564,0.542904
0.069037,0.033446,0.489262
0.035647,0.052285,0.476757
0.026822,0.053552,0.404178
0.019607,0.063203,0.513815
0.019358,0.068244,0.438566
0.287196,0.036583,0.169558
0.287266,0.048689,0.143572
0.280850,0.051577,0.190991
0.279555,0.047507,0.131722
0.234065,0.055996,0.189983
0.238910,0.060739,0.137424
0.201999,0.058691,0.211995
0.204622,0.058156,0.158818
0.260424,0.033246,0.266591
0.262849,0.036160,0.222751
0.235583,0.036243,0.277523
0.236348,0.037671,0.241467
0.219925,0.054705,0.209926
0.230809,0.060653,0.188022
0.191360,0.063392,0.213441
0.197503,0.058884,0.192549
0.139436,0.033530,0.227138
0.145129,0.031740,0.172594
0.113713,0.031923,0.248189
0.120512,0.032396,0.198128
0.105472,0.047493,0.286832
0.117864,0.045624,0.245729
0.078663,0.047813,0.305493
0.082305,0.046780,0.255594
0.097950,0.018739,0.379877
0.121027,0.027720,0.335851
0.070777,0.033585,0.390903
0.071267,0.028510,0.340762
0.046357,0.028427,0.364099
0.057068,0.036289,0.335171
0.024662,0.039377,0.377739
0.029074,0.036557,0.339039
0.087276,0.031740,0.571751
0.089942,0.042420,0.539005
0.069496,0.048262,0.578767
0.069004,0.042602,0.545080
0.020921,0.042710,0.502404
0.017749,0.045771,0.487296
0.033059,0.050666,0.527225
0.028228,0.048603,0.462939
0.236272,0.022508,0.203546
0.238773,0.034734,0.150723
0.198595,0.038800,0.212625
0.199496,0.036587,0.157494
0.173227,0.043603,0.163968
0.182447,0.046528,0.103037
0.135387,0.046378,0.187216
0.142153,0.046417,0.128177
0.211940,0.039232,0.473908
0.220177,0.038395,0.419718
0.179927,0.045269,0.490806
0.182597,0.040679,0.437952
0.169909,0.061244,0.397707
0.182528,0.062308,0.349665
0.144165,0.060296,0.414934
0.145989,0.058693,0.364544
0.306069,0.041247,0.194707
0.308418,0.061895,0.156907
0.308182,0.057460,0.240279
0.302456,0.057573,0.123915
0.266242,0.062610,0.143308
0.267341,0.067782,0.099275
0.267534,0.065617,0.193305
0.263781,0.071315,0.081128
0.206367,0.019011,0.337401
0.216300,0.033390,0.301350
0.213114,0.027429,0.390883
0.207115,0.029189,0.266863
0.136842,0.042536,0.300644
0.138631,0.042367,0.254562
0.117037,0.044310,0.320152
0.115593,0.043763,0.270262
-0.056450,-0.007193,0.558758
-0.040387,-0.001798,0.564351
-0.064106,0.001778,0.566501
-0.054358,-0.000952,0.553905
-0.050862,-0.016394,0.534721
-0.038582,-0.017460,0.517778
-0.065051,-0.009140,0.543696
-0.058754,-0.016283,0.518452
0.199596,-0.099060,0.538186
0.223218,-0.078484,0.532659
0.215513,-0.058109,0.546979
0.205634,-0.075081,0.526656
0.186303,-0.047231,0.525329
0.209579,-0.024151,0.529453
0.182273,-0.013674,0.527125
0.174596,-0.034594,0.528619
0.045769,0.002795,0.578584
0.052522,0.008080,0.556699
0.028111,0.021512,0.580632
0.033012,0.007836,0.561154
-0.015641,0.033714,0.534433
-0.012203,0.037552,0.530887
-0.017556,0.043036,0.534881
-0.015389,0.038691,0.532483
0.187949,0.037163,0.542231
0.202687,0.065459,0.516728
0.155616,0.067787,0.548167
0.161574,0.056870,0.512395
0.153949,0.078437,0.477362
0.170308,0.079362,0.425666
0.110448,0.079702,0.498731
0.120557,0.079916,0.438603
0.013314,0.011626,0.561422
0.022929,0.021131,0.543385
-0.006672,0.025893,0.571024
-0.003287,0.016227,0.547385
-0.019354,0.025023,0.531243
-0.009537,0.045486,0.518249
-0.040980,0.051577,0.536467
-0.031831,0.047084,0.518565
0.286604,0.037574,0.193693
0.290891,0.041557,0.170057
0.279714,0.041763,0.209816
0.278135,0.040340,0.169767
0.261551,0.053830,0.176137
0.274305,0.052290,0.121643
0.225870,0.055735,0.196715
0.226789,0.051844,0.136917
0.273869,0.035819,0.129419
0.271386,0.036274,0.074905
0.244204,0.034292,0.147811
0.242522,0.037125,0.089874
0.247613,0.044846,0.139028
0.247733,0.046745,0.115109
0.237532,0.048310,0.148439
0.237151,0.047197,0.123977
0.326462,-0.012357,0.147390
0.324068,-0.003352,0.079623
0.312154,-0.001308,0.187760
0.309835,0.003208,0.100382
0.303010,0.015961,0.131600
0.289526,0.012524,0.057595
0.269521,0.015494,0.154924
0.267345,0.021363,0.094015
-0.011745,0.024513,0.557428
0.012320,0.031901,0.532363
-0.065920,0.037848,0.561332
-0.043304,0.032191,0.522070
-0.038837,0.059040,0.511944
-0.030557,0.062470,0.460284
-0.072247,0.066379,0.533663
-0.063399,0.065670,0.481038
0.253816,-0.288743,0.553642
0.254077,-0.283911,0.534234
0.237160,-0.279317,0.549347
0.237831,-0.285050,0.537031
0.239462,-0.245040,0.532570
0.255546,-0.212171,0.513876
0.237131,-0.176606,0.533946
0.228827,-0.202008,0.516821
0.315423,-0.002258,0.221692
0.310048,0.004838,0.165283
0.325484,-0.006545,0.318323
0.317924,0.004389,0.101544
0.289145,0.010991,0.168451
0.291399,0.015044,0.113900
0.295093,0.008633,0.260991
0.289594,0.016975,0.062021
0.035214,0.021657,0.515619
0.035571,0.022535,0.484296
0.018743,0.027916,0.523412
0.021183,0.025117,0.496771
0.006680,0.033383,0.448566
0.009174,0.036920,0.411681
-0.008277,0.039151,0.463895
-0.008217,0.036952,0.426109
0.046012,-0.005247,0.592064
0.100636,0.013304,0.603573
-0.017559,0.017970,0.607901
0.008360,-0.002744,0.559625
0.086957,0.030919,0.592381
0.146607,0.038246,0.581320
0.020898,0.040484,0.605763
0.044198,0.027619,0.545506
0.303920,0.009263,0.371592
0.304728,0.012045,0.315728
0.269767,0.009754,0.394279
0.271740,0.014219,0.326843
0.274153,0.036477,0.297320
0.271375,0.037647,0.252026
0.247064,0.037044,0.307753
0.247705,0.039321,0.264677
0.295478,-0.381267,0.574353
0.303536,-0.370925,0.575512
0.299602,-0.368062,0.582480
0.297694,-0.373998,0.561302
0.256879,-0.321952,0.547369
0.274530,-0.322189,0.539432
0.246208,-0.302658,0.543334
0.262531,-0.309227,0.542805
0.288211,-0.330139,0.585629
0.317013,-0.323200,0.588861
0.280811,-0.315235,0.590071
0.281861,-0.326184,0.577061
0.264067,-0.313043,0.558611
0.268982,-0.310554,0.556071
0.267443,-0.305406,0.561664
0.267257,-0.309529,0.553914
-0.000291,-0.009842,0.564015
0.032491,0.002964,0.559540
-0.019202,0.012995,0.569371
-0.024348,-0.007538,0.548487
-0.035453,-0.004380,0.568507
-0.012495,0.006750,0.541752
-0.083824,0.013433,0.575107
-0.067913,0.004916,0.527591
0.118044,-0.044137,0.557444
0.134796,-0.045536,0.555266
0.111672,-0.039520,0.556169
0.118662,-0.044188,0.551659
0.067163,0.003105,0.537489
0.066158,0.008396,0.499338
0.024789,0.010743,0.532813
0.040488,0.013038,0.507831
0.244669,0.041283,0.308056
0.244909,0.044191,0.248567
0.209930,0.046210,0.329166
0.209871,0.048530,0.254046
0.264615,0.054326,0.292524
0.271052,0.066285,0.266182
0.247780,0.062458,0.318956
0.250388,0.062582,0.245592
0.203775,-0.011379,0.540821
0.215564,0.001124,0.513632
0.176140,0.006637,0.555120
0.182476,-0.002905,0.515815
0.243940,0.010478,0.545274
0.250280,0.018679,0.515706
0.215147,0.026495,0.545623
0.223143,0.022571,0.520003
0.055358,-0.003210,0.570218
0.055470,0.001168,0.538297
0.032231,0.003532,0.574271
0.035192,0.003375,0.553218
0.036766,0.014277,0.535111
0.048112,0.015529,0.478688
-0.005569,0.019318,0.549261
0.001882,0.018895,0.497194
0.137750,0.051659,0.373037
0.140557,0.053812,0.300521
0.071857,0.053853,0.386402
0.082962,0.056960,0.320339
0.078162,0.053218,0.310256
0.098379,0.058456,0.235362
0.029488,0.061473,0.347774
0.046246,0.063826,0.269754
0.011731,-0.014095,0.552499
0.014333,-0.011838,0.550274
0.012612,-0.004747,0.552244
0.013361,-0.010038,0.550242
0.002081,0.002287,0.548768
0.011441,0.007258,0.544977
0.002738,0.014967,0.550273
0.002121,0.009043,0.540106
0.010208,0.061758,0.432019
0.022663,0.067802,0.355387
-0.044493,0.077136,0.464072
-0.018451,0.076987,0.400305
0.020408,0.101034,0.479569
0.025915,0.098852,0.405478
-0.029415,0.097532,0.501760
-0.023827,0.100077,0.438896
0.309697,0.034310,0.500845
0.309084,0.032599,0.420105
0.265945,0.034782,0.530784
0.269950,0.037233,0.458799
0.285760,0.028951,0.515687
0.284840,0.037443,0.443665
0.237650,0.038189,0.534269
0.244228,0.046199,0.478066
0.010178,0.019741,0.420052
0.010296,0.019554,0.372679
-0.010379,0.017709,0.438414
-0.008231,0.018588,0.400167
-0.035788,0.047245,0.465441
-0.037978,0.049957,0.414640
-0.059804,0.049774,0.482392
-0.059332,0.050311,0.441838
0.239161,-0.352493,0.560293
0.261763,-0.347127,0.553635
0.232606,-0.322279,0.560826
0.233298,-0.345315,0.544345
0.219182,-0.311562,0.549461
0.218157,-0.311137,0.536438
0.220600,-0.309588,0.553954
0.219117,-0.308988,0.549254
0.269958,-0.224571,0.565006
0.285539,-0.173931,0.542547
0.268959,-0.151730,0.575813
0.257109,-0.167611,0.520984
0.259752,-0.102473,0.530984
0.261473,-0.090076,0.495675
0.236395,-0.088117,0.540604
0.239766,-0.087590,0.501442
0.123221,-0.011588,0.572203
0.134070,0.006071,0.559311
0.105020,0.018068,0.573923
0.107625,0.004660,0.555010
0.064084,0.003923,0.561689
0.077051,0.009260,0.546942
0.034326,0.012305,0.561852
0.045889,0.007198,0.545568
0.041733,0.028829,0.304699
0.049370,0.043644,0.248002
0.006526,0.042063,0.329780
0.024101,0.048972,0.283187
0.035825,0.064360,0.377058
0.038832,0.065773,0.295872
-0.018749,0.067162,0.403717
-0.010859,0.068425,0.331406
0.267022,0.035590,0.583858
0.299618,0.041965,0.567994
0.236812,0.048241,0.596100
0.247810,0.040107,0.554305
0.261769,0.054078,0.537179
0.277975,0.057427,0.486973
0.205114,0.060334,0.541916
0.220305,0.057475,0.497783
0.252123,-0.004735,0.495781
0.250897,0.006645,0.427852
0.228341,0.005798,0.532841
0.226040,0.006541,0.451214
0.197313,0.023097,0.408047
0.204235,0.027381,0.337285
0.171222,0.025947,0.452865
0.175084,0.032256,0.370778
0.258594,0.064713,0.305591
0.272563,0.074707,0.243128
0.215140,0.073917,0.344819
0.220549,0.071022,0.241718
0.250889,0.081959,0.172784
0.252164,0.079493,0.101785
0.199559,0.080770,0.197935
0.203445,0.080544,0.136191
0.254749,0.028547,0.341865
0.261517,0.032938,0.301312
0.251439,0.036962,0.374245
0.246936,0.036967,0.301298
0.265879,0.043940,0.366625
0.273130,0.060529,0.339999
0.280540,0.057521,0.414892
0.273732,0.060792,0.299356
0.045748,0.020349,0.352500
0.075929,0.031832,0.329808
0.032217,0.041415,0.374743
0.052019,0.041492,0.343561
0.004183,0.047803,0.408894
0.025504,0.052548,0.339359
-0.024680,0.060947,0.447588
-0.011819,0.063689,0.367305
0.284430,0.004479,0.412623
0.314133,0.034224,0.418161
0.259893,0.038818,0.440282
0.271336,0.028987,0.374361
0.251291,0.008457,0.322717
0.251012,0.008823,0.260554
0.218741,0.009627,0.344192
0.221743,0.013836,0.288006
0.273743,0.005224,0.587822
0.277284,0.010465,0.554789
0.247962,0.014698,0.584938
0.250674,0.009726,0.557816
0.251749,-0.003386,0.557507
0.258119,0.006716,0.518265
0.215081,0.006841,0.573654
0.221973,0.003383,0.517791
0.064461,0.013549,0.571428
0.066161,0.019778,0.536340
0.025624,0.019813,0.570019
0.033679,0.021984,0.543218
-0.009779,0.028493,0.542604
0.001476,0.036987,0.504543
-0.035743,0.041979,0.562566
-0.030909,0.037220,0.508877
0.238998,-0.052778,0.529054
0.247261,-0.035683,0.486488
0.213569,-0.033392,0.533502
0.214927,-0.038396,0.491768
0.219897,-0.039716,0.487838
0.223413,-0.024417,0.453212
0.190558,-0.025644,0.502188
0.201820,-0.017705,0.449272
0.101609,0.012122,0.556894
0.108398,0.017259,0.521637
0.067848,0.019095,0.561842
0.074222,0.018017,0.527927
0.027938,0.030236,0.512277
0.041636,0.036793,0.464399
0.001152,0.039237,0.525225
0.001650,0.036125,0.478496
0.286220,-0.015714,0.590094
0.318226,0.059020,0.601243
0.266937,0.057646,0.606579
0.275372,0.059993,0.557769
0.204229,0.058899,0.556492
0.236608,0.063033,0.468064
0.163813,0.061116,0.595696
0.164596,0.067915,0.501276
