-0.011983,0.006467,0.007538
-0.014444,0.003803,0.008013
-0.013874,0.006849,0.009579
-0.007884,0.005366,0.005934
-0.011056,0.003088,0.010728
-0.009334,0.005988,0.009358
-0.013028,0.005047,0.008215
-0.011417,0.005313,0.007991
-0.014164,0.004875,0.009227
-0.011659,0.007365,0.008151
-0.009705,0.004348,0.004777
-0.012616,0.004916,0.007781
-0.013241,0.003191,0.007072
-0.010307,0.007276,0.008934
-0.009447,0.008426,0.008108
-0.009803,0.002304,0.008210
-0.010020,0.001839,0.008493
-0.007447,0.003471,0.009607
-0.010255,0.005743,0.007450
-0.008607,0.004937,0.004246
-0.005303,0.001276,0.008051
-0.004357,0.003354,0.003951
-0.008843,0.001353,0.003225
-0.007167,0.002406,0.007566
-0.010542,0.002944,0.008903
-0.005477,0.001474,0.005274
-0.005945,0.003528,0.002926
-0.007513,0.000331,0.008116
-0.004784,0.001409,0.004769
-0.011391,0.005446,0.001511
-0.008048,0.000300,0.007389
-0.005530,0.001741,0.004352
0.003621,-0.002779,0.004251
-0.001853,-0.004397,0.002263
0.001874,-0.002858,0.005325
0.001983,-0.007207,0.001002
0.000468,-0.003898,0.004542
0.002523,-0.002769,0.002655
-0.001467,-0.003193,0.001425
-0.000162,-0.004668,0.003049
0.000747,-0.004258,0.004067
0.001141,-0.004485,0.002367
-0.000018,-0.004057,0.003277
0.000717,-0.005664,0.002363
0.001104,-0.004438,0.004037
-0.001815,-0.001329,0.002579
-0.000872,-0.003426,0.001623
0.001169,-0.005688,0.001651
0.002521,0.001858,0.007089
0.002521,-0.002079,0.011355
-0.001544,0.001159,0.009174
0.003888,0.000911,0.008542
0.004542,0.000605,0.011839
0.002173,-0.001062,0.009167
0.000158,-0.005000,0.007415
0.002234,0.001544,0.009496
0.000783,0.000160,0.011139
0.000446,0.001189,0.008492
0.003502,0.000520,0.006453
0.002338,-0.003730,0.009080
0.002215,-0.000911,0.006755
0.001948,0.000014,0.008168
0.001148,0.000610,0.008664
0.001558,-0.002748,0.009483
0.383983,0.071864,0.066516
0.548566,0.075201,-0.001226
0.607876,0.049736,0.075341
0.594080,0.025050,0.234537
0.540036,-0.002047,0.095931
0.388837,0.014514,-0.009117
0.458529,0.004469,0.086045
0.688149,-0.004637,0.050497
0.594005,-0.001228,0.008805
0.387765,0.054367,0.171140
0.572388,0.037104,-0.084643
0.566335,0.046274,0.153915
0.673749,0.033999,-0.062285
0.493157,0.065002,0.115216
0.487559,0.017055,-0.046992
0.495667,0.051320,0.197512
0.271019,-0.046797,0.080963
0.498456,0.048052,0.019479
0.698320,-0.012221,0.165680
0.682964,-0.023392,0.325584
0.512186,0.034839,0.251762
0.431943,-0.100608,0.016173
0.455819,-0.061000,0.175422
0.677633,-0.108530,0.077407
0.544864,-0.122080,-0.000954
0.314252,0.009552,0.236882
0.578955,-0.079739,-0.108845
0.390837,-0.023851,0.297041
0.603912,-0.059820,0.119260
0.350965,0.036824,0.108714
0.408513,0.037261,-0.047368
0.590987,-0.033878,0.297863
0.007060,0.002869,-0.000421
-0.004502,0.006529,-0.013318
-0.001090,0.011280,-0.000110
0.005723,0.002778,-0.016989
0.005462,0.008568,-0.002765
0.004124,0.011569,-0.017958
0.001151,0.004690,-0.010557
-0.000425,0.000124,-0.002469
-0.004426,0.005264,-0.012946
0.004977,0.004930,-0.016008
-0.006082,-0.001026,-0.006538
0.001914,0.008142,-0.008273
-0.003591,-0.001068,-0.008047
0.005907,0.006736,0.003311
0.003496,0.006842,-0.012560
-0.000041,0.004238,-0.006875
-0.014875,0.012511,0.006810
-0.016100,0.006018,0.000823
-0.014760,0.009347,0.002019
-0.011650,0.009075,0.000561
-0.012010,0.006787,0.000531
-0.013586,0.010180,0.002879
-0.012333,0.010700,0.000363
-0.012044,0.009126,0.003990
-0.015494,0.009304,0.001831
-0.010780,0.010231,0.002425
-0.012651,0.010864,-0.001676
-0.014360,0.008734,0.000845
-0.014186,0.008359,0.000444
-0.012430,0.008475,0.000010
-0.010135,0.010973,-0.003541
-0.011139,0.007446,0.003317
-0.001541,0.007457,0.004289
-0.010946,0.004515,0.002642
-0.011312,0.007342,0.002837
-0.004101,0.005978,0.000430
-0.004397,0.000025,0.004579
-0.004854,0.007257,0.004295
-0.006139,0.004857,-0.001436
-0.005882,0.008215,0.004758
-0.003343,0.008307,-0.000312
-0.004098,0.005443,0.003953
-0.008817,0.005799,-0.001411
-0.008106,0.007624,0.004299
-0.005201,0.006195,0.003896
-0.006410,0.007121,0.006255
-0.004292,0.002517,0.002259
-0.003708,0.005533,0.003483
-0.017679,0.008875,0.011598
-0.018301,0.004523,0.008083
-0.021051,0.005354,0.010026
-0.017924,0.002107,0.004471
-0.016899,0.000512,0.006551
-0.018621,0.001654,0.008356
-0.018897,0.000660,0.007753
-0.016442,0.002217,0.006097
-0.018097,0.002948,0.005900
-0.016547,0.003069,0.005897
-0.018499,0.004307,0.008879
-0.020353,0.005037,0.004563
-0.019454,0.000767,0.005584
-0.016577,0.004443,0.007626
-0.022309,0.001567,0.009671
-0.017691,0.003623,0.009513
0.340502,0.100456,0.240909
0.358090,0.127979,0.329053
0.505826,0.108728,0.407578
0.631820,0.050578,0.524323
0.464397,-0.007408,0.431571
0.360512,0.043302,0.349489
0.463710,0.051439,0.367823
0.528651,-0.036775,0.488028
0.545364,0.045459,0.358666
0.433057,0.062178,0.493419
0.434041,0.096667,0.280774
0.489833,0.080672,0.473585
0.582475,0.064621,0.397746
0.396283,0.123651,0.416077
0.521955,0.093510,0.305105
0.541942,0.040425,0.576469
0.008688,0.013695,0.016686
0.005122,0.002533,0.018930
-0.000931,0.014661,0.012031
0.007884,0.010551,0.014675
0.013745,0.004401,0.008428
0.010578,0.008320,0.014313
0.006134,0.007529,0.014638
0.010176,0.016929,0.017510
0.005737,0.013081,0.014392
0.005521,0.006621,0.012132
0.006773,0.003328,0.014569
0.000413,0.010086,0.016109
0.011186,0.001705,0.017836
0.004027,0.004736,0.012886
0.004334,0.011393,0.015601
0.012229,0.009462,0.011714
-0.013130,-0.002413,0.004056
-0.014844,-0.004566,0.003723
-0.011710,-0.002049,0.002161
-0.010016,-0.003543,0.002110
-0.011799,-0.005363,0.001936
-0.010186,-0.003561,0.003309
-0.013020,-0.005217,0.000070
-0.013902,-0.003182,0.001665
-0.012881,-0.004724,0.005131
-0.011664,-0.002017,0.001282
-0.008607,-0.001604,-0.000950
-0.014658,-0.005847,0.001598
-0.012893,-0.003274,0.002771
-0.011842,-0.004215,0.000267
-0.011665,-0.001994,0.002538
-0.008117,-0.006297,0.001553
-0.016176,-0.000898,0.004005
-0.019766,-0.001088,0.003750
-0.019688,0.001663,0.002382
-0.015673,-0.000301,0.000145
-0.014421,-0.002256,0.003031
-0.015005,0.001336,0.001542
-0.018424,0.001454,0.001842
-0.017797,0.000571,0.000015
-0.018754,0.003241,0.002179
-0.016252,0.000032,0.000052
-0.017416,-0.002056,0.001571
-0.016631,-0.001462,0.002797
-0.017924,0.001506,0.002327
-0.018242,0.001871,0.000287
-0.017776,-0.000411,0.001564
-0.014714,0.001189,-0.000909
0.000541,0.009043,-0.000573
-0.003943,0.009517,-0.001602
-0.000644,0.011101,-0.001280
-0.000720,0.009819,0.000967
-0.000465,0.007239,0.000126
-0.003330,0.010592,0.000066
-0.004334,0.011812,-0.000729
-0.003899,0.009043,-0.000220
-0.006344,0.012358,-0.002706
0.000482,0.010767,-0.000006
-0.003380,0.009292,-0.001142
-0.004256,0.010799,0.000198
-0.005188,0.004013,0.000401
-0.000282,0.009234,0.000137
-0.002804,0.008386,-0.001746
0.001128,0.007363,-0.000086
-0.002952,0.002283,-0.000600
-0.001473,0.001569,-0.002100
-0.000738,0.001173,-0.001980
-0.001502,0.000540,-0.005111
-0.001485,0.000513,-0.004993
0.000067,0.003246,-0.000931
-0.003119,0.001509,-0.001313
-0.000566,0.002398,-0.001494
-0.003547,0.004589,-0.002003
-0.000305,0.000077,-0.004447
0.001358,-0.001884,-0.000984
-0.003251,-0.001276,-0.003844
-0.002516,0.002516,-0.001822
-0.000249,-0.002034,-0.004501
-0.001451,0.000392,-0.000749
0.004289,0.001042,-0.005806
0.327863,-0.017193,-0.494587
0.529756,0.006462,-0.554011
0.537407,0.037346,-0.407006
0.527230,-0.068371,-0.323428
0.472378,0.047881,-0.318613
0.427650,-0.056472,-0.538820
0.398154,0.050282,-0.428242
0.560605,-0.169818,-0.461193
0.500309,-0.115373,-0.543217
0.380651,-0.057148,-0.369148
0.537043,-0.009142,-0.664160
0.314506,0.009259,-0.293298
0.578456,-0.042971,-0.461498
0.451482,0.008731,-0.420834
0.414906,0.039147,-0.573513
0.475940,-0.021146,-0.188012
0.001270,-0.000633,0.002850
-0.002450,-0.002119,0.000533
-0.001225,-0.007897,0.002609
0.003071,-0.003231,0.002310
0.000816,-0.006808,0.004506
0.002783,-0.004348,0.000655
0.000626,-0.002042,0.001507
-0.002026,-0.002975,0.004647
-0.003673,0.000800,-0.001302
0.001120,-0.001850,0.002561
0.000701,-0.000846,0.001187
-0.001817,-0.000562,0.001014
0.000394,-0.003438,0.005225
-0.003156,0.000388,0.001290
-0.003570,-0.003695,0.001297
0.004302,-0.000532,-0.000753
-0.013486,0.007699,0.004768
-0.009542,-0.002369,0.004142
-0.009326,0.004848,0.003324
-0.005234,0.000785,0.005060
-0.008723,-0.001547,0.006660
-0.002836,0.000638,0.005552
-0.012558,0.001020,0.007391
-0.007966,-0.000203,0.002700
-0.009956,0.003213,0.003940
-0.006277,0.001276,0.004673
-0.006151,0.001202,0.000264
-0.009530,0.001181,0.005011
-0.006963,0.001020,0.003221
-0.005960,0.002381,0.003337
-0.010134,0.004395,0.002794
-0.005013,0.000204,0.003343
-0.003380,-0.002915,0.001033
-0.002951,-0.004337,0.000199
-0.000946,-0.005624,-0.000878
-0.001577,-0.004651,-0.002339
-0.002947,-0.006708,0.001536
-0.002398,-0.002313,0.003402
-0.001610,-0.002774,-0.001004
-0.002944,-0.003361,-0.000082
-0.001817,-0.003293,-0.000550
-0.000130,-0.005059,-0.003183
-0.002585,-0.002748,-0.000214
-0.003473,-0.002629,-0.001541
-0.003706,-0.007652,0.000905
-0.002234,-0.004282,0.000895
-0.003029,-0.003156,0.001209
-0.001329,-0.005602,-0.003440
0.004557,0.007797,0.005758
0.004136,0.005470,0.001535
0.005574,0.006491,0.005224
0.005788,0.003189,0.002989
0.005511,0.007427,0.006776
0.006567,0.003923,0.002826
0.002934,0.006016,0.006070
0.003484,0.001301,0.008363
0.003229,0.006035,0.004190
0.002376,0.009992,0.005369
0.003114,0.004348,0.003505
0.001589,0.007475,0.003442
0.004325,0.004388,0.001276
0.003520,0.006265,0.001811
0.001717,0.009736,0.003341
0.007614,0.004314,0.004329
-0.001062,0.012364,0.015061
-0.006680,0.007526,0.018625
-0.002790,0.013399,0.017255
0.002880,0.007699,0.015216
0.000020,0.005315,0.014537
-0.002380,0.010651,0.014481
-0.000325,0.011476,0.015029
0.001916,0.013151,0.016383
0.000720,0.006812,0.013608
0.001473,0.011930,0.014225
-0.005277,0.011591,0.017304
0.001087,0.014589,0.017258
0.004015,0.014759,0.018652
-0.000270,0.011667,0.016835
-0.000087,0.009856,0.016468
0.000923,0.011132,0.014211
-0.004250,0.009674,0.001361
-0.006416,0.005577,-0.002972
-0.005018,0.008731,-0.005374
-0.005341,0.008466,-0.001753
-0.005591,0.005157,-0.001111
-0.006874,0.007584,0.001036
-0.007804,0.008603,-0.003659
-0.006462,0.009681,-0.000973
-0.009095,0.008998,-0.001408
-0.005322,0.007229,-0.002995
-0.006960,0.006283,-0.002350
-0.008490,0.008018,-0.000879
-0.007823,0.005148,-0.002262
-0.008092,0.008848,-0.000721
-0.009246,0.007204,-0.002929
-0.001702,0.005678,-0.003864
-0.005769,-0.001386,-0.001348
-0.006182,-0.007050,0.000106
-0.005804,-0.003747,-0.004144
-0.007197,-0.005393,-0.002658
-0.005682,-0.009909,-0.002216
-0.004500,-0.003246,0.000188
-0.006889,-0.002785,-0.000120
-0.008530,-0.004242,-0.000625
-0.007539,-0.004695,-0.002190
-0.004198,-0.005602,-0.002081
-0.004679,-0.003707,-0.003261
-0.006992,-0.004460,-0.002537
-0.007811,-0.006381,-0.000419
-0.008729,-0.003741,-0.003707
-0.007779,-0.002702,-0.002137
-0.002904,-0.005036,-0.002012
-0.008234,-0.004318,0.004956
-0.011467,-0.005156,0.006218
-0.013911,-0.009076,0.005153
-0.005390,-0.005552,0.006284
-0.008941,-0.007565,0.007351
-0.006655,-0.008514,0.007121
-0.009040,-0.010387,0.002854
-0.009521,-0.008983,0.001912
-0.012490,-0.001274,0.003919
-0.010631,-0.005123,0.004809
-0.006828,-0.008137,0.002576
-0.011895,-0.007737,0.003285
-0.006721,-0.007616,0.002282
-0.009463,-0.003068,0.002645
-0.010444,-0.005899,0.005167
-0.007609,-0.008703,0.008427
-0.000927,-0.005377,0.004255
0.002209,-0.004122,0.001385
-0.001331,-0.004419,0.000605
0.001932,-0.004994,-0.001495
0.000543,-0.006419,0.002151
0.000012,-0.005364,0.002465
-0.002188,-0.008331,0.000305
0.005095,-0.005389,0.000266
-0.000168,-0.003301,0.000815
-0.001464,-0.004015,-0.000078
0.003964,-0.007669,-0.000274
-0.001504,-0.006567,0.002589
0.001073,-0.006799,0.002121
0.002304,-0.001465,0.001033
-0.000728,-0.005110,0.003787
0.001992,-0.005890,0.001027
0.004218,0.005075,0.001670
0.003632,0.007503,0.002434
0.004280,0.005152,0.002232
0.001727,0.006525,0.001331
0.004573,0.003777,0.005021
0.003316,0.005367,0.003435
0.002202,0.004072,0.001347
0.002943,0.007784,0.000711
0.000040,0.007037,0.002342
0.005816,0.006095,0.002057
0.002755,0.003877,0.000462
0.001647,0.006074,0.000658
0.002703,0.005619,0.002829
0.005197,0.006211,-0.000091
0.001467,0.006220,0.002473
0.005812,0.006397,0.001652
0.009530,0.004478,0.005511
0.005011,0.005298,0.008111
0.007567,0.003313,0.003327
0.012876,0.003307,0.001693
0.012844,0.002708,0.004874
0.012839,0.006452,0.002845
0.006795,0.003596,0.001199
0.010514,0.005402,0.002721
0.007128,0.001867,0.002229
0.008541,0.006938,0.000990
0.008494,0.002300,0.000967
0.007900,0.005286,0.000898
0.008504,0.003637,0.006129
0.010113,0.006247,-0.002832
0.007270,0.005783,0.003155
0.015905,0.000994,0.002875
0.000366,-0.009323,0.008429
-0.001512,-0.008938,0.005606
-0.000906,-0.010657,0.006571
-0.001918,-0.012173,0.008080
0.001421,-0.014054,0.005036
0.000758,-0.009517,0.010107
-0.001502,-0.010830,0.005069
-0.000750,-0.010274,0.008888
0.000239,-0.012068,0.004523
-0.000711,-0.006421,0.005766
0.001321,-0.010330,0.007916
-0.001800,-0.009677,0.007513
0.000338,-0.013649,0.006415
-0.002425,-0.010623,0.006292
-0.002674,-0.008318,0.004729
0.003331,-0.008159,0.003260
0.000544,-0.002539,0.000114
-0.001230,-0.008739,0.001523
0.001667,-0.004741,-0.002396
0.000903,-0.003614,-0.000862
-0.001465,-0.005980,-0.001056
0.003020,-0.005903,0.001460
-0.001344,-0.004584,-0.002934
-0.000429,-0.002589,-0.001764
-0.001769,0.000390,-0.001497
0.003305,-0.002564,-0.002660
-0.000118,-0.005563,-0.000341
0.001517,-0.003297,-0.002233
0.000136,-0.006014,0.000098
0.000711,-0.004910,-0.002195
-0.001878,-0.002970,-0.000724
0.001888,-0.004895,-0.002821
-0.012225,-0.004145,0.016505
-0.014072,-0.010473,0.018409
-0.005980,-0.015836,0.018090
-0.019523,-0.005754,-0.003161
-0.010761,-0.000131,0.006378
-0.002196,-0.002190,0.009228
-0.003204,0.009939,0.017678
-0.005884,-0.004737,0.011256
0.006586,0.003705,0.007520
0.003428,-0.008990,0.001640
-0.006158,-0.014698,0.025795
-0.006742,-0.001788,0.005627
-0.010498,0.002715,0.011656
-0.007307,-0.010227,0.009627
-0.007551,-0.012804,-0.004025
-0.006768,-0.005586,0.002579
-0.001148,-0.001755,0.008018
-0.003424,-0.002245,0.006428
-0.005633,0.000620,0.006118
-0.000091,-0.003335,0.005182
-0.002818,-0.005059,0.006531
-0.003508,-0.004309,0.006300
-0.006571,-0.006980,0.005551
-0.001740,-0.003357,0.006424
-0.004453,-0.001831,0.004020
-0.003174,-0.000625,0.004899
-0.003232,-0.005021,0.003329
-0.004301,-0.003062,0.005158
-0.002539,-0.002968,0.005659
-0.002577,-0.004431,0.007086
-0.007318,-0.004474,0.006303
-0.001499,-0.005539,0.007000
-0.010735,0.005220,0.019015
-0.010115,0.004309,0.017958
-0.007759,0.002660,0.017519
-0.008989,0.002032,0.015263
-0.010179,0.002965,0.017303
-0.010747,0.005555,0.015215
-0.010636,0.003591,0.016491
-0.009444,0.004812,0.014372
-0.011292,0.004145,0.016035
-0.010062,0.005920,0.014662
-0.008179,0.005049,0.015465
-0.004945,0.004200,0.016412
-0.007496,0.001483,0.017448
-0.007510,0.008212,0.018835
-0.010100,0.005005,0.013339
-0.007557,0.006289,0.015994
-0.002114,-0.009543,0.021777
-0.003812,-0.007983,0.017857
-0.002718,-0.009694,0.018666
0.002076,-0.011118,0.018747
-0.000120,-0.010642,0.020961
0.002790,-0.006065,0.018868
-0.003842,-0.007363,0.019907
-0.001256,-0.009890,0.018952
-0.004314,-0.007552,0.019002
-0.001534,-0.005709,0.017306
-0.001577,-0.011487,0.018069
-0.004949,-0.006557,0.017091
0.000995,-0.010087,0.024311
-0.001812,-0.005990,0.019410
-0.001626,-0.006616,0.020831
0.002040,-0.007004,0.018139
-0.004577,0.008704,0.009143
-0.006346,0.007266,0.007622
-0.005625,0.007400,0.002386
-0.004673,0.009493,0.004903
-0.002305,0.005022,0.002900
-0.002305,0.010521,0.007676
-0.006160,0.009076,0.005668
-0.004390,0.009570,0.005209
-0.005209,0.008355,0.002370
-0.002106,0.008308,0.000903
-0.002910,0.007979,0.006018
-0.006017,0.008328,0.002464
-0.005707,0.005909,0.007297
-0.004075,0.006948,0.005933
-0.006422,0.009532,0.005400
-0.000503,0.005462,0.000488
0.001270,-0.000120,0.007574
-0.002627,-0.005383,0.006353
-0.001420,-0.003246,0.004508
-0.003824,-0.002879,0.003225
-0.001467,-0.004077,0.005812
-0.002644,-0.004781,0.006692
-0.003141,0.000072,0.006124
-0.003600,-0.004061,0.005731
0.000050,-0.000278,0.004620
0.001849,-0.002671,0.004399
-0.001039,0.000824,0.003521
-0.002713,-0.004822,0.005573
-0.002748,0.002321,0.003129
-0.000806,-0.000617,0.007197
-0.001235,-0.001405,0.005038
-0.001611,-0.002288,0.003483
0.008348,0.001673,0.000069
0.009000,0.001844,0.003092
0.007446,0.006023,0.003806
0.007115,0.002490,0.000204
0.009677,-0.000734,0.001033
0.009720,0.002377,0.003861
0.008141,0.001165,0.002549
0.007648,0.003432,0.001378
0.008168,0.003265,0.003827
0.005944,0.004191,0.003279
0.008508,0.001334,0.001632
0.006509,0.001345,0.005333
0.008056,0.000621,0.000097
0.006093,0.003505,0.000525
0.007754,0.006452,0.005727
0.013013,-0.002124,0.003296
0.005590,0.000112,0.005880
0.001951,0.001140,0.005796
0.004356,0.001148,0.002927
0.008857,0.000576,0.003861
0.005294,0.000013,0.005699
0.004092,-0.002822,0.003673
0.002988,0.001585,0.001345
0.008763,0.001969,0.004001
0.001591,0.001291,0.004768
0.007513,0.002048,0.003882
0.005036,0.000303,0.004382
0.001807,0.002113,0.003986
0.007496,-0.001943,0.002398
0.003655,0.001646,0.005552
0.002679,0.001985,0.004371
0.009081,0.000394,0.003196
-0.005399,0.013060,0.008233
-0.005345,0.010088,0.009076
-0.004332,0.012172,0.005696
-0.001395,0.012506,0.008389
-0.001502,0.009821,0.008553
-0.000139,0.012752,0.011213
-0.003191,0.012816,0.004515
-0.002784,0.014630,0.007969
-0.005819,0.013644,0.005216
-0.002121,0.010495,0.003843
-0.003531,0.014113,0.008602
-0.005240,0.008885,0.005060
-0.005394,0.012150,0.005669
-0.004482,0.015308,0.005711
-0.005353,0.012616,0.006442
-0.000700,0.015805,0.005705
-0.012936,0.002633,-0.001144
-0.013147,0.001769,0.001876
-0.014484,0.002917,0.000652
-0.008396,0.004547,0.000776
-0.008958,-0.002273,0.001878
-0.012738,0.000565,-0.000690
-0.012521,0.001378,-0.000856
-0.013053,0.001521,-0.001505
-0.015109,0.002542,0.003442
-0.010873,0.003891,-0.000126
-0.011330,0.002883,-0.000851
-0.013796,0.003892,0.002376
-0.013229,0.001686,-0.001297
-0.009379,0.003379,-0.000842
-0.012073,0.004623,0.001271
-0.007740,0.002890,0.002314
0.007027,-0.000893,0.009665
0.005531,-0.005528,0.009038
0.001633,-0.007032,0.002603
0.003249,-0.003633,0.005410
0.002739,-0.005346,0.004729
0.004741,-0.002967,0.007347
0.002431,-0.001203,0.009542
0.001715,-0.002075,0.006511
0.003120,-0.002244,0.006874
0.004085,-0.005066,0.006088
0.004630,-0.000727,0.008516
0.004253,-0.003961,0.007946
0.002944,-0.004585,0.007605
0.004242,-0.002711,0.006205
0.005477,-0.000939,0.008860
0.006583,-0.000981,0.005804
0.005495,0.002822,0.005707
0.006123,0.001364,0.003626
0.005268,-0.000071,0.002936
0.003397,-0.002081,0.004095
0.005812,-0.000831,0.003804
0.007026,-0.003100,0.000528
0.003749,0.002176,0.003266
0.009596,-0.000044,0.002559
0.004511,0.003705,0.002162
0.007276,-0.000363,0.001728
0.007889,-0.002328,0.002875
0.004074,0.002994,0.004699
0.006640,0.001034,0.004474
0.006319,-0.001452,0.004442
0.007001,-0.000653,0.002492
0.007234,0.002455,0.001289
-0.005615,-0.005031,0.009059
-0.005035,-0.004996,0.006191
-0.003524,-0.006027,0.005075
0.000478,-0.005077,0.005117
-0.000426,-0.008642,0.007545
-0.005440,-0.001105,0.009580
-0.004207,-0.003318,0.007683
-0.000324,-0.001792,0.007720
-0.004998,-0.003923,0.006699
-0.003287,-0.003238,0.005775
-0.002541,-0.003270,0.005751
-0.003174,-0.005631,0.007153
-0.003158,-0.003313,0.008576
-0.001813,-0.001869,0.006312
-0.004083,-0.003653,0.007034
-0.003047,-0.002399,0.006279
-0.000235,0.011572,0.005129
-0.000100,0.012750,0.001402
-0.003193,0.006766,0.001555
-0.004982,0.009452,-0.003287
0.000832,0.010857,-0.001341
0.001751,0.015696,-0.002801
-0.002340,0.011112,-0.003579
-0.000911,0.013957,-0.001004
-0.005211,0.010769,-0.003943
-0.002181,0.010340,0.000510
-0.004746,0.009320,-0.002920
-0.000964,0.009666,-0.000350
-0.001325,0.011732,0.000752
0.001836,0.016418,0.000129
-0.003668,0.011473,-0.002852
0.001013,0.010148,-0.002085
-0.007820,0.012637,0.010333
-0.009211,0.011995,0.011239
-0.009264,0.012331,0.011571
-0.002116,0.012843,0.006902
-0.005211,0.011273,0.008832
-0.006511,0.012857,0.007057
-0.006136,0.012945,0.005251
-0.005519,0.014440,0.006782
-0.010106,0.012693,0.010334
-0.008827,0.017735,0.006310
-0.007734,0.015522,0.006081
-0.006103,0.010459,0.007229
-0.007646,0.011536,0.004867
-0.008343,0.016434,0.008023
-0.007252,0.016299,0.006963
-0.007198,0.011163,0.007590
-0.000860,0.008130,0.005359
-0.001941,0.005215,0.003309
0.000007,0.009015,0.004329
-0.000411,0.006370,0.001431
-0.000827,0.003748,0.006842
-0.001208,0.008534,0.004834
-0.006109,0.005480,0.004327
-0.001408,0.006783,0.000061
-0.004397,0.007946,0.004176
-0.004540,0.012484,-0.001808
-0.001319,0.004976,0.001080
-0.003638,0.009118,0.002050
-0.002956,0.006051,0.006490
-0.002865,0.009506,-0.001297
-0.003721,0.010524,0.001285
-0.002512,0.008247,0.002617
-0.001783,0.004475,-0.002643
-0.002033,0.003688,0.002080
-0.005949,0.004126,-0.000261
0.001056,0.007761,0.000426
-0.001588,0.001690,0.000916
0.002098,0.005466,0.000004
-0.004511,0.004476,-0.002113
0.000212,0.005471,0.002418
-0.002034,0.007044,0.001973
-0.001421,0.003715,0.001895
-0.003014,0.004221,-0.004972
-0.001083,0.005523,0.002667
-0.001312,0.001894,-0.002625
-0.000356,0.004877,0.000429
-0.002542,0.004284,0.000804
-0.002536,0.004220,0.004899
-0.002112,0.000399,0.000050
-0.003086,0.003396,0.002514
-0.003771,0.004236,0.004283
0.002289,0.003191,0.001225
-0.001226,0.000654,-0.002059
-0.002704,0.002618,0.002041
-0.002497,0.003114,0.001087
-0.001589,0.003455,0.000665
-0.000910,0.004760,0.002350
-0.002379,0.000385,0.001148
0.001424,0.002186,-0.000130
-0.004255,0.001833,0.000570
-0.001152,0.003373,0.000577
-0.005741,0.009038,-0.003925
-0.004688,0.002714,0.004462
-0.002293,0.002406,0.001245
-0.010671,0.009268,0.007890
-0.011321,0.010809,0.005850
-0.012238,0.009027,0.004318
-0.009445,0.007602,0.003042
-0.011759,0.003458,0.003475
-0.008023,0.008339,0.005957
-0.014538,0.005730,0.004739
-0.011764,0.006566,0.009099
-0.011970,0.005446,0.006849
-0.009509,0.007759,0.001928
-0.011871,0.006532,0.004788
-0.015987,0.008930,0.004913
-0.013372,0.003775,0.006118
-0.012599,0.007056,0.005084
-0.012972,0.009779,0.009594
-0.010269,0.004928,0.002136
-0.003283,0.005904,0.008526
-0.005411,0.003315,0.007859
-0.007567,0.005963,0.008213
-0.000201,0.005251,0.006505
-0.000040,0.001269,0.008532
-0.005903,0.003322,0.007729
-0.008549,0.001322,0.004529
-0.002288,0.002948,0.002331
-0.004823,0.005771,0.007136
-0.001632,0.007173,0.004438
-0.002369,0.002112,0.005319
-0.007688,0.002737,0.003991
-0.002023,0.001168,0.004313
-0.001611,0.007087,0.007632
-0.002952,0.006178,0.006981
-0.002855,-0.000330,0.006109
0.000808,0.007947,-0.000128
-0.001624,0.008169,0.000751
-0.006130,0.012344,0.000695
0.000372,0.008057,-0.002592
-0.000333,0.005660,-0.004114
-0.003917,0.006384,-0.001182
-0.003491,0.005984,-0.003883
0.002122,0.006377,-0.000454
-0.002583,0.007036,-0.002835
-0.002201,0.007910,-0.003317
-0.002453,0.009329,-0.004658
0.000059,0.010247,-0.001884
-0.002075,0.007973,-0.002436
-0.000835,0.008400,-0.002310
0.000547,0.009952,-0.002013
-0.002212,0.006861,-0.002167
0.005026,-0.007928,0.005804
0.003276,-0.008128,0.003754
0.001126,-0.007240,0.003491
0.004537,-0.007145,0.002821
0.004828,-0.010375,0.003149
0.004995,-0.004842,0.001427
0.004011,-0.006428,-0.001827
0.000931,-0.003559,0.002890
0.000679,-0.003717,0.001515
0.005427,-0.005008,-0.000451
0.007250,-0.008599,0.003140
0.003943,-0.004328,0.004302
0.005177,-0.007480,0.005236
0.005340,-0.002748,0.000937
0.003233,-0.009473,0.001849
0.009248,-0.004134,0.000314
0.000364,-0.005507,0.013346
0.002616,-0.005514,0.010014
-0.001946,-0.002650,0.014538
0.003838,-0.003604,0.012968
0.006484,-0.008116,0.009378
0.000858,-0.005480,0.007504
0.002111,-0.005777,0.010997
0.002145,-0.004271,0.009375
-0.000843,0.001734,0.011184
0.002167,-0.001213,0.008974
0.003919,-0.004282,0.008917
0.001105,-0.006820,0.012038
0.000424,-0.006047,0.005777
0.001825,-0.001435,0.008414
0.000376,-0.003915,0.008985
0.002523,-0.006930,0.013228
0.007128,-0.006750,0.007648
0.006111,-0.007125,0.005081
0.005071,-0.005963,0.004660
0.008164,-0.005847,0.002735
0.007534,-0.010393,0.005926
0.010025,-0.005183,0.007628
0.004930,-0.008988,0.003499
0.006566,-0.005402,0.004953
0.005367,-0.006950,0.006447
0.007050,-0.005838,0.003711
0.003696,-0.006795,0.006235
0.005747,-0.007036,0.004709
0.007198,-0.008663,0.003957
0.008240,-0.002759,0.005455
0.006289,-0.006400,0.004826
0.007783,-0.008636,0.005428
0.005262,0.010031,0.000028
0.002929,0.008182,0.000707
0.007112,0.006851,-0.001288
0.005320,0.010315,-0.006693
0.005156,0.010549,0.000121
0.004553,0.011426,-0.001619
0.003673,0.013140,-0.002827
0.001151,0.008477,-0.004725
0.003752,0.010765,-0.002460
0.003919,0.009385,-0.002798
0.007409,0.009791,-0.003086
0.006523,0.008868,-0.004131
0.004021,0.010745,-0.002087
0.006624,0.012421,-0.003757
0.004782,0.009789,-0.005524
0.008436,0.010849,-0.004387
0.005205,0.010741,-0.005024
0.001184,0.012505,-0.006110
0.001428,0.008716,-0.008033
-0.001465,0.009400,-0.009184
0.001304,0.003855,-0.005786
0.002696,0.013382,-0.004212
0.002322,0.010551,-0.005454
0.000081,0.012182,-0.004511
0.002820,0.014668,-0.008119
0.003720,0.012327,-0.009208
0.004727,0.008866,-0.005046
0.000636,0.010458,-0.006955
0.001221,0.010682,-0.004913
0.003105,0.011695,-0.006394
0.000946,0.014177,-0.004966
0.003002,0.010944,-0.009046
0.000258,-0.000509,0.001621
-0.002049,-0.001340,0.004836
-0.000735,-0.003303,0.002640
-0.001473,-0.000326,-0.001594
0.000653,-0.000688,-0.000198
0.001590,-0.000543,0.001599
-0.003598,0.000687,-0.001766
-0.002662,0.000079,-0.000738
0.000622,-0.001628,-0.001091
-0.000663,-0.001043,-0.001332
-0.003125,-0.002835,0.000475
-0.003531,0.000489,0.001332
0.000492,-0.003121,0.000442
0.001096,-0.001159,-0.000041
-0.001876,-0.002755,-0.001738
0.002394,-0.000200,-0.000913
0.003979,-0.002967,-0.001992
0.001882,-0.005035,-0.003968
0.000746,-0.005817,-0.005235
0.000754,-0.006497,-0.004584
0.003319,-0.007112,-0.001796
0.002677,-0.003677,-0.004945
0.001993,-0.004512,-0.004008
0.000145,-0.004099,-0.005244
-0.000768,-0.004325,-0.005091
0.004733,-0.002711,-0.005880
0.002490,-0.006941,-0.006816
-0.000130,-0.005442,-0.003604
-0.000753,-0.006576,-0.005576
0.002951,-0.003335,-0.003035
-0.000518,-0.003080,-0.004845
0.003651,-0.007030,-0.002162
-0.001585,0.008157,0.012230
-0.006610,0.009774,0.012843
-0.006316,0.013400,0.009171
-0.001987,0.008606,0.010872
-0.004703,0.008129,0.012175
-0.003052,0.009266,0.009370
-0.004499,0.007361,0.010010
0.000275,0.012808,0.010441
-0.004340,0.010840,0.009186
-0.004792,0.010327,0.007842
-0.006693,0.007822,0.007279
-0.005533,0.012098,0.010269
-0.000798,0.008275,0.012386
-0.003932,0.009590,0.008231
-0.004251,0.006140,0.011388
-0.000571,0.008935,0.010549
-0.006956,0.001787,0.001252
-0.005826,0.003147,-0.003792
-0.005541,0.000626,-0.006351
-0.005612,-0.000493,-0.005766
-0.006705,-0.003671,-0.007664
-0.007586,0.002580,-0.003091
-0.006331,0.001829,-0.004016
-0.008709,0.002300,-0.004356
-0.006777,-0.001330,-0.004142
-0.007807,0.002505,-0.001591
-0.006415,-0.001139,-0.006102
-0.008303,0.001575,-0.006063
-0.006310,-0.000388,-0.001789
-0.005644,0.003229,-0.007258
-0.005870,0.000817,-0.001775
-0.003892,0.000244,-0.003944
0.003963,0.013493,-0.008199
-0.002393,0.011563,-0.007368
0.000291,0.012084,-0.005293
-0.001818,0.007908,-0.012180
0.001129,0.009472,-0.010566
0.005285,0.011453,-0.009738
0.001546,0.011993,-0.010880
-0.002823,0.010917,-0.005324
0.001657,0.011701,-0.007442
0.004632,0.010521,-0.009209
0.002857,0.015072,-0.006671
0.001383,0.015450,-0.010352
0.002338,0.007924,-0.004082
-0.001259,0.012765,-0.006710
0.001592,0.011899,-0.011329
0.004611,0.007717,-0.006593
0.000460,0.006965,0.009047
0.000746,0.001541,0.007310
-0.002456,0.003825,0.006693
0.002495,0.006424,0.006519
0.001356,0.005411,0.005855
0.001915,0.003607,0.003183
-0.000919,0.003047,0.004373
-0.001595,0.003836,0.003524
-0.005827,0.007023,0.004393
-0.002013,0.008639,0.006049
-0.003079,0.010257,0.007916
0.000641,0.000202,0.005302
-0.000726,0.004789,0.004202
0.000729,0.005759,0.005493
-0.003225,0.006950,0.006923
-0.000754,0.005323,0.008314
-0.013174,0.014475,0.000135
-0.014416,0.009380,0.001152
-0.014430,0.011220,-0.001897
-0.013719,0.011193,0.001774
-0.015181,0.013080,0.004958
-0.011878,0.013491,-0.000247
-0.015374,0.013403,-0.002749
-0.013642,0.014318,0.000406
-0.014612,0.012734,0.000307
-0.010435,0.012721,-0.000691
-0.013975,0.016882,-0.002405
-0.011717,0.014426,0.000638
-0.012606,0.014720,-0.001600
-0.014030,0.014231,0.000763
-0.013930,0.015294,0.001803
-0.012406,0.012127,0.002692
-0.012170,0.004994,0.002546
-0.014067,0.007449,0.000190
-0.011340,0.005118,-0.000207
-0.009828,0.005608,-0.003360
-0.010960,0.004233,-0.000506
-0.006965,0.007807,0.000991
-0.011954,0.007557,-0.001740
-0.011554,0.010377,0.000387
-0.012822,0.008043,-0.001731
-0.011321,0.009280,-0.001242
-0.010303,0.005914,-0.000856
-0.012400,0.009941,0.000662
-0.010005,0.002619,0.000644
-0.012476,0.007906,0.000094
-0.010601,0.005760,-0.000365
-0.009384,0.003768,-0.000086
-0.008907,-0.000649,-0.000892
-0.008896,-0.002422,-0.005149
-0.005875,-0.004887,-0.003172
-0.005882,-0.008152,-0.003005
-0.004759,-0.004972,-0.003270
-0.005297,-0.005772,-0.005397
-0.007550,-0.003822,-0.004270
-0.008310,-0.003029,-0.001899
-0.011419,-0.003182,-0.002701
-0.008049,-0.003014,-0.002011
-0.005752,-0.004532,-0.006832
-0.005781,-0.004265,-0.008134
-0.006731,-0.005591,-0.000848
-0.007255,-0.000904,-0.003277
-0.006369,-0.005314,-0.005564
-0.003694,-0.005112,-0.005416
-0.002713,-0.005226,-0.002290
-0.001204,-0.007773,-0.005550
-0.004403,-0.004932,-0.004017
0.001643,-0.007845,-0.006639
-0.001416,-0.008426,-0.006544
-0.000114,-0.006087,-0.003582
-0.001096,-0.005644,-0.004270
0.000535,-0.005881,-0.009541
-0.003225,-0.007327,-0.005112
-0.000783,-0.004537,-0.007272
-0.004093,-0.008186,-0.004873
-0.006115,-0.002852,-0.003738
-0.001382,-0.007910,-0.006004
0.000348,-0.001852,-0.004562
-0.003606,-0.001625,-0.001491
0.001416,-0.007831,-0.005333
-0.008819,0.006644,0.003854
-0.008994,0.001211,0.005956
-0.008440,0.004603,0.001820
-0.005785,-0.000400,0.004812
-0.006018,-0.001181,0.006178
-0.004971,0.004551,0.006085
-0.007454,0.003405,0.004263
-0.009182,0.004796,0.005593
-0.007312,0.005341,0.001543
-0.006539,0.005034,0.002621
-0.006807,-0.001359,-0.000858
-0.006008,0.002679,-0.000200
-0.007557,-0.000162,0.001748
-0.009590,0.003407,0.005443
-0.009086,0.001676,0.005914
-0.004965,0.003282,0.001958
-0.004713,0.002292,0.001766
-0.004479,-0.004622,0.002210
-0.009163,-0.001237,0.001359
-0.005927,-0.004267,0.000144
-0.005366,-0.005187,0.001877
-0.007554,-0.001094,0.004943
-0.006312,0.000748,0.002407
-0.004194,-0.001754,0.002992
-0.005326,0.002152,-0.001407
-0.001967,-0.001737,-0.000139
-0.007907,-0.001063,-0.002405
-0.001559,-0.001553,-0.003030
-0.005719,-0.001627,0.001306
-0.005708,0.000568,0.001030
-0.002449,0.000193,0.000402
-0.003261,-0.000828,-0.001684
-0.002820,0.017429,0.010222
-0.006697,0.014867,0.006349
-0.009244,0.012335,0.004737
-0.003023,0.015437,0.006378
-0.007728,0.017225,0.005815
-0.003229,0.017174,0.007551
-0.008025,0.017635,0.004388
-0.007050,0.017180,0.008134
-0.004952,0.017928,0.003282
-0.006576,0.015834,0.005947
-0.008733,0.015787,0.007270
-0.005519,0.018834,0.007725
-0.004033,0.016172,0.007157
-0.001338,0.017444,0.005244
-0.005761,0.016389,0.008439
-0.002533,0.019341,0.005867
0.001127,0.005456,0.006204
-0.002218,0.003953,0.009352
-0.001211,0.005916,0.007189
0.001111,0.002755,0.005908
0.000420,0.002703,0.007602
0.000894,0.003011,0.002186
-0.001119,0.002341,0.004174
0.001057,0.005030,0.008368
-0.001083,0.004890,0.008371
0.000070,0.004795,0.006533
-0.000160,0.004379,0.003312
-0.000414,0.006902,0.007674
0.002582,0.003827,0.008347
-0.001949,0.002659,0.007659
0.000359,0.003004,0.007037
-0.000827,0.004317,0.007275
-0.004201,0.008151,0.007348
-0.004594,0.010725,0.005347
-0.002348,0.005809,0.003689
-0.003753,0.008003,0.004611
-0.002963,0.005603,0.003588
-0.002355,0.009955,0.006714
-0.003086,0.011109,0.003445
-0.004885,0.011370,0.006375
-0.002597,0.010620,0.003232
-0.001666,0.011800,0.005730
-0.002485,0.007257,0.008961
-0.006555,0.010796,0.007637
-0.002807,0.009681,0.005899
-0.002844,0.009309,0.007063
-0.006239,0.009036,0.004720
-0.001742,0.011377,0.002701
0.000745,0.008946,0.009690
0.000542,0.006159,0.010939
0.001185,0.007439,0.012493
0.003169,0.005427,0.009507
0.006249,0.005103,0.008443
0.005298,0.006807,0.008790
0.000806,0.007771,0.010507
0.003515,0.005792,0.010147
0.001558,0.007614,0.010334
0.003849,0.006938,0.010163
0.002183,0.002724,0.011530
0.000520,0.006348,0.007402
0.003775,0.005047,0.013489
0.001534,0.009667,0.009459
0.003460,0.004855,0.009653
0.005917,0.008129,0.008481
-0.007567,-0.000449,0.003032
-0.008442,0.002003,0.004350
-0.008534,-0.003397,0.006302
-0.006098,-0.000527,0.005686
-0.007001,-0.001962,0.003490
-0.008596,0.001857,0.005588
-0.006956,0.001421,0.003753
-0.006158,0.000111,0.004099
-0.009176,0.001508,0.005619
-0.008596,0.001026,0.004332
-0.008769,0.000539,0.001848
-0.007814,0.001030,0.004104
-0.007277,-0.000001,0.004517
-0.008841,0.001497,0.006240
-0.009710,0.001617,0.002225
-0.005766,-0.001783,0.004407
-0.020763,-0.003262,0.007803
-0.023496,-0.003050,0.006547
-0.022580,0.002178,0.007468
-0.014767,0.000327,0.008266
-0.023044,-0.001320,0.009898
-0.019892,-0.000416,0.006075
-0.019924,-0.000278,0.006999
-0.019422,0.000200,0.006263
-0.022800,0.000771,0.007830
-0.023006,0.000315,0.006187
-0.021164,0.001561,0.002560
-0.020059,-0.001690,0.006250
-0.019030,0.000857,0.007550
-0.021558,0.002783,0.005771
-0.019526,0.004556,0.005586
-0.019733,-0.002176,0.009582
0.321871,0.050036,0.350421
0.392534,0.022314,0.341134
0.420482,0.034319,0.344111
0.463473,0.013594,0.476614
0.382434,-0.054604,0.379680
0.353276,-0.003436,0.286487
0.342622,-0.042027,0.365381
0.458782,-0.116664,0.442179
0.415376,-0.058596,0.338987
0.316114,0.014438,0.398723
0.344492,0.053483,0.320851
0.406795,0.013703,0.403800
0.457434,0.006591,0.336922
0.368509,0.048891,0.426542
0.420304,0.017240,0.322936
0.388423,-0.022295,0.443735
-0.000233,0.009496,0.016575
0.006016,0.000208,0.000881
0.002651,0.015578,0.009703
-0.006863,0.007995,0.007273
0.001579,0.000316,0.004291
0.013125,0.014522,0.003351
0.005355,0.009694,0.006399
-0.007629,0.014101,-0.008116
-0.001567,0.014530,-0.002576
0.008522,0.008240,0.000919
0.002190,0.011711,0.015626
0.012963,0.008488,0.002916
0.003925,0.008528,-0.006345
0.004647,0.016899,0.004828
0.010713,-0.004020,-0.000138
0.061431,0.028864,0.039340
-0.004187,0.004339,0.006054
-0.004924,0.001445,0.004717
-0.004947,0.000171,-0.001947
-0.003790,0.001745,0.000302
-0.004878,-0.000101,0.002971
-0.004421,0.000788,0.002490
-0.007715,0.001587,0.001624
-0.001995,0.001186,0.000920
-0.003927,0.003519,-0.000322
-0.002911,0.002552,0.002656
-0.003939,0.000835,0.001487
-0.005483,0.003578,0.001791
-0.002302,0.002513,0.003557
-0.003577,0.002497,-0.000772
-0.005482,0.000716,0.002705
-0.000102,0.001961,0.002522
-0.001850,0.004412,0.009455
-0.002895,0.006048,0.007525
-0.002343,0.004341,0.008851
0.002907,0.001142,0.006516
0.000037,0.004671,0.007237
0.000193,0.005121,0.005114
-0.001576,0.006551,0.006871
0.001960,0.002229,0.007784
-0.002902,0.005125,0.006586
-0.001976,0.004557,0.007023
0.001124,0.005313,0.008976
-0.001533,0.004098,0.004198
0.000496,0.003453,0.004510
-0.002925,0.006153,0.005899
-0.001938,0.004796,0.007685
0.000868,0.006002,0.003508
0.004440,0.002519,-0.003015
0.001245,0.003216,-0.003956
0.001357,-0.001420,-0.008884
0.004296,0.001587,-0.007384
0.000575,-0.000299,-0.005203
0.003474,0.002827,-0.004593
0.001669,0.004554,-0.008512
0.000134,0.004930,-0.000997
0.000510,0.000335,-0.009004
0.006417,0.002338,-0.007481
0.005917,0.002831,-0.004724
0.003701,0.003231,-0.004189
0.002722,0.002973,-0.002256
0.005018,0.003238,-0.004577
0.001050,0.003207,-0.004608
0.006375,0.005726,-0.008099
0.003750,-0.001949,0.004435
0.002858,-0.001766,0.001576
0.004308,-0.000283,-0.000895
0.001524,-0.002417,-0.000625
0.002423,-0.004344,0.003120
0.005038,-0.002877,0.002589
0.003837,-0.004823,-0.001103
0.004311,-0.001721,0.003017
0.001554,-0.000429,0.002677
0.006211,-0.000635,0.000649
0.004963,-0.001813,0.001073
0.004810,0.003164,-0.000388
0.001641,-0.004619,0.006164
0.006093,-0.001645,0.007151
0.005146,0.001300,0.001829
0.004048,-0.002917,0.000909
0.004051,0.005666,0.006193
0.003769,0.003146,0.003422
0.003604,0.000221,0.001045
0.003502,0.002228,0.001565
0.004494,0.001497,0.005013
0.003221,0.003914,0.003167
0.004371,0.001894,0.004760
0.003052,0.005248,0.003047
0.003481,0.004228,0.004518
0.005008,0.004465,0.004088
0.006714,0.004335,0.002370
0.002768,0.004778,0.004278
0.006318,0.002608,0.005325
0.006987,0.001898,0.008552
0.002311,0.004919,0.003095
0.007479,0.003881,0.002181
0.001836,-0.000420,0.001426
-0.001922,-0.003818,-0.002011
-0.002217,-0.003673,-0.004888
0.000048,-0.003038,-0.001852
0.001256,-0.003896,-0.002011
0.000511,-0.003848,-0.001700
0.001120,-0.001763,-0.003083
-0.001665,-0.000601,-0.005534
-0.001095,-0.000307,-0.004627
-0.000721,-0.001842,-0.002747
0.002021,-0.005780,-0.003545
-0.001650,-0.002483,-0.003470
0.002002,-0.001533,-0.005106
-0.002973,-0.000456,-0.004951
-0.000924,-0.005090,-0.003978
0.006728,-0.001262,-0.003224
-0.006296,0.002714,0.008826
-0.010105,-0.002555,0.003493
-0.000467,0.004352,-0.004024
-0.007818,0.001420,-0.007297
-0.003513,0.000456,-0.003699
-0.000338,-0.003070,0.002366
-0.008547,0.000810,0.007618
-0.007697,0.003062,-0.000974
-0.002614,0.000920,-0.003951
-0.004150,0.003136,-0.001265
-0.009370,0.000440,0.000307
-0.005144,0.005194,0.004146
-0.006440,-0.003769,-0.000397
-0.006475,-0.000088,-0.000359
-0.007592,0.004798,0.002880
0.000523,0.000970,-0.001139
0.320778,-0.087680,0.226040
0.400864,-0.032947,0.300850
0.562101,0.020352,0.361728
0.561058,-0.073789,0.494859
0.469476,-0.111596,0.367251
0.449256,-0.160079,0.125168
0.424517,-0.160474,0.313835
0.519364,-0.287169,0.364311
0.569956,-0.166538,0.262705
0.393691,-0.098534,0.440405
0.495667,-0.001163,0.260187
0.499913,-0.039862,0.396053
0.550867,-0.182409,0.396210
0.415943,-0.025302,0.415124
0.509133,-0.083248,0.227029
0.492399,-0.192300,0.434355
-0.003918,0.004702,0.005938
-0.003562,0.004849,0.002500
-0.004404,0.007172,0.005037
-0.003020,0.002820,0.000678
-0.001335,0.002604,0.003163
-0.003551,0.007519,0.003254
-0.004703,0.006124,0.001647
0.000416,0.004677,0.004858
-0.000272,0.004970,0.004098
-0.003358,0.002397,0.001990
-0.003499,0.004828,0.002443
-0.004672,0.006421,0.002391
0.000413,0.006185,0.005848
0.000714,0.005559,0.000199
-0.004916,0.003197,0.003902
-0.004160,0.005369,-0.000206
-0.006927,0.014829,0.005386
-0.004404,0.015765,0.005902
-0.006371,0.017048,0.005807
-0.001034,0.015761,0.006415
-0.003230,0.008919,0.004986
-0.004213,0.016028,0.005473
-0.006390,0.014284,0.003678
-0.003914,0.016489,0.004604
-0.006868,0.014049,0.007504
-0.006723,0.015416,0.004186
-0.002717,0.014773,-0.000326
-0.007725,0.011526,0.006594
-0.000897,0.012194,0.002744
-0.005338,0.019230,0.004535
-0.006103,0.013953,0.005883
-0.002465,0.015395,0.004834
-0.007080,-0.004570,0.005630
-0.006684,-0.005588,0.003953
-0.004663,-0.008559,0.005341
-0.002504,-0.008488,0.006264
-0.006027,-0.006195,0.004891
-0.001698,-0.006513,0.006225
-0.004386,-0.003547,-0.000091
-0.004247,-0.004656,0.006536
-0.005254,-0.000680,0.004438
-0.007326,-0.005677,0.004860
-0.003861,-0.007142,0.006135
-0.004613,-0.005966,0.004656
-0.002922,-0.008380,0.006843
-0.007113,-0.006777,0.004961
-0.006946,-0.004454,0.002808
-0.003703,-0.004993,0.002831
-0.006092,-0.005160,0.007200
-0.006205,-0.007361,0.008293
-0.004616,-0.009478,0.007160
-0.006337,-0.006338,0.003742
-0.005586,-0.010168,0.006167
-0.004721,-0.005701,0.008659
-0.006151,-0.006445,0.004937
-0.008960,-0.005471,0.005160
-0.008559,-0.002353,0.006330
-0.003348,-0.005656,0.005233
-0.005045,-0.012297,0.007109
-0.007658,-0.003751,0.006711
-0.004706,-0.007232,0.007514
-0.005675,-0.008707,0.007810
-0.007489,-0.009494,0.006363
-0.002392,-0.006658,0.005875
0.004124,0.007608,0.008720
0.009306,0.005026,0.012270
0.004561,-0.005719,0.007415
0.008851,0.008648,0.007016
0.009880,0.007551,0.010439
0.009732,0.013249,0.004803
0.016444,0.011452,0.006075
0.007693,0.012914,0.005750
0.008307,0.018298,0.007997
0.009925,0.004284,0.013996
0.014159,-0.005055,0.009853
0.010406,0.010575,0.012216
0.000561,0.001031,0.017458
0.015321,-0.004280,0.016079
0.014985,-0.004500,0.003696
0.016551,0.004410,0.005967
-0.001356,0.034946,0.022001
0.002973,0.024479,0.014916
-0.011952,0.023722,0.015032
-0.014041,0.027532,0.018730
0.005809,0.032912,0.020112
-0.009933,0.026262,0.010277
-0.000329,0.023431,0.023661
-0.006860,0.027151,0.008748
-0.014761,0.031314,0.023102
-0.009217,0.023581,0.016768
-0.009283,0.017612,-0.002864
-0.011203,0.014324,0.019828
-0.003454,0.024350,0.022752
-0.011457,0.014558,0.010677
-0.002813,0.016390,0.009951
-0.016031,0.026004,0.023479
-0.000245,0.003654,0.007319
-0.003154,0.001814,0.006261
-0.004600,0.001484,0.006769
-0.001973,0.003381,0.004082
0.001330,-0.000406,0.004383
0.001307,0.003760,0.008858
0.000642,0.003342,0.000753
-0.004744,0.005943,0.005031
-0.004506,0.005121,0.005436
-0.000695,0.006774,0.003144
-0.001704,0.002066,0.006166
-0.003360,0.001972,0.004456
-0.001933,0.003500,0.004371
0.000780,0.007371,0.003927
-0.004792,0.005202,0.004048
-0.000029,0.002546,0.006012
-0.006714,-0.006525,0.000937
-0.006019,-0.005107,-0.000650
-0.007138,-0.005667,-0.000619
-0.008171,-0.004522,-0.000407
-0.008539,-0.007288,0.000424
-0.006136,-0.007312,-0.002653
-0.008230,-0.005890,-0.000223
-0.008809,-0.007739,-0.001212
-0.008245,-0.004562,-0.000623
-0.006540,-0.005990,-0.000421
-0.002593,-0.005054,-0.001940
-0.007065,-0.006252,0.000480
-0.002903,-0.008319,-0.001057
-0.007459,-0.005314,-0.001198
-0.010839,-0.004014,-0.001591
-0.006973,-0.005862,-0.001792
-0.003564,0.007526,0.004646
-0.006580,0.010013,0.002792
-0.006400,0.009879,0.003165
-0.000823,0.007559,0.006564
-0.007123,0.005213,0.003019
-0.003539,0.009830,0.003799
-0.003795,0.006607,0.005830
-0.004946,0.008060,0.007246
-0.005254,0.006560,0.006086
-0.004569,0.006767,0.003950
-0.004876,0.008423,0.003166
-0.007186,0.008930,0.005716
-0.003769,0.007309,0.005694
-0.004048,0.009989,0.002562
-0.002643,0.010511,0.011163
-0.000825,0.008500,0.003874
0.007484,0.002207,0.007403
0.006198,0.000126,0.006004
0.006715,-0.000486,0.000686
0.007146,-0.000634,0.005588
0.009803,-0.003547,0.005726
0.007116,0.002940,0.004605
0.008334,-0.001289,0.002848
0.009660,0.004688,0.003199
0.005179,0.002768,0.001735
0.009556,0.001618,0.007505
0.005992,-0.000312,-0.000467
0.008468,0.003050,0.005806
0.011755,0.004612,0.005127
0.010515,0.004032,0.005419
0.006061,0.000767,0.001631
0.010043,0.001368,0.001888
0.001825,0.007335,0.005285
-0.001519,0.004090,0.001726
0.000638,0.004559,-0.000402
-0.002456,0.002999,0.000904
0.002215,-0.000566,-0.000333
0.001777,0.005753,0.000084
0.001030,0.004954,-0.000439
0.003199,0.006129,-0.000841
0.003618,0.005302,0.001691
0.004520,0.003723,-0.002163
0.000355,0.004836,0.002791
-0.000774,0.005548,0.002818
0.001109,0.006793,0.001091
0.004491,0.005938,0.001603
0.000210,0.004420,0.000267
0.002272,0.005551,0.000421
-0.000604,-0.005417,-0.002760
-0.003598,-0.007329,-0.007654
-0.000198,-0.005692,-0.006396
-0.002527,-0.007904,-0.007639
-0.003902,-0.006915,-0.004992
-0.001563,-0.003435,-0.006575
-0.002573,-0.003573,-0.005522
-0.005751,-0.000133,-0.007675
-0.002732,-0.005679,-0.007347
-0.000626,-0.001385,-0.004975
-0.005434,-0.005894,-0.005156
-0.003624,-0.004375,-0.008263
-0.004277,-0.004472,-0.004527
-0.003742,-0.004670,-0.004533
-0.003170,-0.005055,-0.008457
-0.002494,-0.002414,-0.009633
0.210068,0.056095,-0.055997
0.291110,0.051452,-0.137696
0.390242,0.115261,0.032735
0.465555,0.025983,0.071444
0.343005,0.034552,0.105275
0.277789,-0.020783,-0.112143
0.337711,0.022759,-0.054866
0.422965,-0.039105,0.018483
0.416127,0.008534,-0.140057
0.233691,0.012339,0.057444
0.353459,0.085796,-0.134535
0.323886,0.067596,0.017264
0.423734,0.058391,-0.043810
0.256085,0.080820,0.080814
0.300585,0.100187,-0.074410
0.323734,-0.032759,0.022473
0.380242,0.060173,-0.371088
0.459340,0.101425,-0.360828
0.561837,0.034892,-0.318546
0.607186,0.025632,-0.222798
0.460740,-0.000370,-0.213721
0.374270,0.026429,-0.292051
0.474757,0.044997,-0.304261
0.652994,0.017911,-0.298822
0.545867,0.011338,-0.356673
0.363122,0.067942,-0.263693
0.628609,0.010339,-0.434378
0.528100,0.040915,-0.239430
0.656935,-0.031369,-0.149834
0.477808,0.057853,-0.157070
0.510140,0.063236,-0.420401
0.578981,-0.021900,-0.164707
-0.003178,0.013416,0.002031
-0.003936,0.011521,0.000545
-0.002811,0.011473,-0.000270
-0.002137,0.011201,0.000799
-0.002141,0.008651,-0.000287
-0.001622,0.012172,-0.002149
-0.002542,0.012298,0.000650
-0.001357,0.011966,-0.000599
-0.005196,0.015366,0.001845
-0.002432,0.014517,-0.000480
-0.003495,0.013718,-0.000064
-0.005855,0.012178,0.000703
-0.000747,0.013533,-0.000614
-0.002490,0.014993,0.000061
-0.005155,0.011166,-0.000533
-0.001365,0.014614,0.000240
0.005403,0.004858,0.005148
0.002581,0.003125,0.004803
0.002821,0.005865,0.001869
0.005077,0.007122,0.002981
0.004373,0.002236,0.005931
0.004594,0.006705,0.003509
0.000912,0.006208,0.002273
0.000098,0.008327,0.003824
0.000584,0.007038,0.003702
0.004549,0.006386,0.004999
-0.001536,0.003640,-0.000315
0.000083,0.003466,0.001430
0.002440,0.006756,0.004372
0.004325,0.005362,0.001987
0.004358,0.004647,0.005151
0.004206,0.003467,0.000851
-0.001212,0.007062,-0.002393
-0.002669,0.008562,-0.003870
-0.000953,0.007210,-0.002948
0.002091,0.008201,-0.006940
0.001670,0.007578,-0.005173
-0.002156,0.004691,-0.005113
-0.000759,0.005268,-0.005977
0.002591,0.008435,-0.006939
-0.002837,0.007841,-0.004819
0.003610,0.006158,-0.005688
0.003922,0.006042,-0.002977
-0.002826,0.007102,-0.005087
0.002896,0.004712,-0.004719
0.000926,0.007796,-0.003276
-0.001105,0.006593,-0.002904
0.003074,0.007814,-0.005881
0.002685,0.007535,0.006887
0.002789,0.010869,0.005999
0.002821,0.012182,0.005887
0.004549,0.005322,0.000888
0.005042,0.008520,0.005595
0.004068,0.008334,0.004560
0.000817,0.005124,0.003610
0.005371,0.008337,0.001354
0.000015,0.007273,0.005225
0.004259,0.007462,0.001803
0.003466,0.009181,0.000637
0.001692,0.008865,0.005835
0.001561,0.006791,0.007146
0.002415,0.008537,0.003866
0.001950,0.009090,0.003585
0.003478,0.007853,0.004945
-0.001701,0.005573,0.007798
-0.002817,0.002560,0.004796
-0.006431,0.004135,0.003173
0.002112,0.002739,0.000949
-0.001692,0.002162,0.005186
-0.004215,0.003275,0.003996
-0.004904,0.006977,0.004520
-0.001055,0.006745,0.004024
-0.001011,0.005886,0.006475
-0.003215,0.002512,0.004273
0.002330,0.001843,0.001405
-0.003527,0.003755,0.001522
-0.003743,0.005176,0.002864
-0.003975,0.006654,0.004626
-0.003300,0.003772,0.006185
0.001027,0.005205,-0.004122
-0.004765,0.000161,0.015497
-0.010423,-0.002007,0.015565
-0.009220,-0.001115,0.013981
-0.005048,-0.002521,0.012735
-0.007994,-0.005260,0.015286
-0.005255,-0.001760,0.013822
-0.009889,-0.001942,0.017116
-0.006770,-0.001560,0.017462
-0.010150,-0.001658,0.011453
-0.008362,-0.001549,0.014891
-0.007328,-0.002461,0.011265
-0.008923,-0.000541,0.014287
-0.007528,-0.006011,0.020182
-0.006091,-0.001803,0.014666
-0.006773,-0.003431,0.015281
-0.005769,-0.003800,0.014228
-0.000174,-0.003977,0.007502
-0.001198,0.000044,0.004735
-0.001297,-0.000175,0.006151
-0.000650,-0.000344,0.004627
0.001274,-0.003036,0.007464
-0.001771,-0.002662,0.004160
-0.002445,-0.003597,0.005088
-0.002513,0.002635,0.004469
-0.001966,-0.000276,0.004088
-0.001745,0.000602,0.003607
-0.000674,-0.001925,0.003698
0.000336,-0.000810,0.004201
-0.000579,-0.002263,0.006037
0.000344,-0.003032,0.006824
-0.000191,-0.000989,0.005331
0.000397,-0.000922,0.006128
-0.001880,0.006243,0.009180
-0.001291,0.002679,0.006678
-0.003877,0.002570,0.006538
0.002872,0.004157,0.006537
0.001212,0.003025,0.007825
-0.000636,0.003787,0.005818
-0.002630,0.001072,0.004231
0.002345,0.004072,0.005405
-0.004723,0.005814,0.006988
-0.001479,0.006104,0.007063
-0.001089,0.003453,0.002715
-0.000862,0.001545,0.008193
0.000927,0.000966,0.003749
-0.004375,0.005443,0.003109
-0.003604,0.003964,0.003983
0.002074,0.003722,0.009059
0.004111,0.003312,-0.014102
0.000074,0.001869,-0.011627
0.002735,-0.000575,-0.015586
-0.000536,0.000082,-0.016746
0.003874,-0.000673,-0.015118
0.006441,0.001260,-0.013727
0.002629,0.004330,-0.012060
-0.001890,0.001484,-0.016215
0.000857,0.003330,-0.014712
0.004733,0.002808,-0.016256
-0.000655,-0.002250,-0.015529
-0.000211,0.001384,-0.018249
-0.000009,-0.001103,-0.014835
0.001074,0.002843,-0.014877
0.000584,0.001280,-0.013323
0.002977,-0.000005,-0.017733
-0.001728,0.009682,-0.003932
-0.003194,0.009393,-0.010864
-0.000808,0.006113,-0.011755
-0.007980,0.008915,-0.013624
-0.000799,0.007513,-0.009694
0.002968,0.008344,-0.013125
-0.002932,0.008073,-0.010362
-0.001081,0.009527,-0.014259
-0.004784,0.008487,-0.010977
-0.000734,0.010063,-0.012227
-0.001247,0.006672,-0.008287
-0.004501,0.009856,-0.009698
-0.002898,0.006963,-0.009623
0.001477,0.011360,-0.009176
-0.006142,0.008914,-0.013068
0.003293,0.011424,-0.010895
0.004016,0.007173,0.003170
0.001822,0.003254,-0.000574
0.002902,0.004795,-0.001263
0.003437,0.004570,-0.000739
0.005944,0.001710,-0.001030
0.005950,0.000451,-0.003416
-0.000368,0.000821,-0.000688
0.003589,0.003807,0.001982
0.001147,0.003888,-0.000267
0.003456,0.002644,-0.000498
0.004691,0.002074,-0.002425
0.003697,0.002324,-0.001111
0.003792,0.001990,0.000507
0.003450,-0.000001,0.000761
0.004010,0.005823,-0.000274
0.005727,0.002233,-0.001237
0.007179,0.001232,-0.002607
0.003909,-0.000724,-0.003513
0.005360,-0.001026,-0.004208
0.005058,-0.000211,-0.007115
0.005077,-0.002495,-0.004487
0.007597,0.002915,-0.005981
0.005916,-0.000735,-0.006410
0.001034,0.002791,-0.004010
0.004381,0.001977,-0.006685
0.004847,0.002826,-0.004262
0.002232,0.001816,-0.004827
0.005358,0.001079,-0.004073
0.004127,0.001391,-0.004958
0.007885,0.001942,-0.004015
0.003804,0.000455,-0.004311
0.004931,0.001875,-0.008251
-0.001152,0.001163,-0.005148
-0.002324,0.001577,-0.003217
-0.001401,0.002336,-0.002355
0.002263,0.001882,-0.007122
0.001322,-0.001316,-0.005210
0.001399,0.001872,-0.004090
0.000514,0.002677,-0.006483
0.001106,0.000504,-0.005529
-0.000591,0.004276,-0.004221
0.000481,0.003766,-0.006927
-0.000468,0.000238,-0.003251
-0.001966,0.001109,-0.003376
-0.001246,0.001816,-0.005729
0.001126,0.003971,-0.005034
-0.002242,0.002763,-0.006144
0.000218,0.001808,-0.006738
0.005563,-0.002989,-0.000273
0.006331,-0.004593,-0.005758
0.003093,-0.005620,-0.006334
0.006178,-0.007022,-0.004598
0.005881,-0.001382,-0.004774
0.005917,-0.004009,-0.003006
0.004214,-0.004111,-0.002386
0.003041,-0.001061,-0.003872
0.002620,-0.006767,-0.001788
0.007647,0.001574,-0.003800
0.009260,-0.002246,-0.004102
0.004006,-0.000537,-0.003000
0.004259,-0.005820,-0.003793
0.007208,-0.000491,-0.004552
0.003858,0.002269,-0.000740
0.006610,-0.002090,-0.008553
0.009673,0.011169,0.008448
0.006957,0.013485,0.009482
0.006758,0.010718,0.009045
0.008940,0.009810,0.005540
0.008053,0.009580,0.007171
0.009148,0.008850,0.007447
0.007188,0.007478,0.004516
0.010060,0.010387,0.004286
0.006426,0.013927,0.007620
0.010365,0.011846,0.003965
0.009093,0.010335,0.002792
0.007349,0.010183,0.003302
0.009055,0.010524,0.004576
0.007433,0.011402,0.007521
0.007915,0.010292,0.008115
0.009635,0.010014,0.003765
0.000075,0.004845,0.008006
-0.000516,0.002882,0.006313
0.001232,0.002759,0.003750
-0.000179,0.002682,0.004170
-0.000425,0.004167,0.003696
0.000444,0.002504,0.002281
0.000040,0.002670,0.003877
-0.000768,0.005308,0.005131
-0.001966,0.004773,0.006080
0.002848,0.005371,0.004044
0.000590,0.002086,0.006275
0.002969,0.005993,0.007581
0.002079,0.005165,0.005911
0.002628,0.006271,0.005794
0.000402,0.005004,0.003600
0.003345,0.002812,0.004163
0.002099,0.017350,0.004216
0.014102,0.000780,0.003642
0.004542,0.012142,-0.005958
0.010378,0.011514,-0.009475
0.013147,0.010697,0.000856
0.008988,0.009162,-0.010906
0.008253,0.015753,-0.003711
0.008789,0.017754,-0.011722
0.012571,0.010418,-0.002471
0.008620,0.008775,-0.005424
0.010200,0.008679,-0.009139
0.009450,0.010261,-0.007939
0.008479,0.010835,-0.004460
0.001854,0.005027,-0.007287
0.012617,0.013484,-0.008904
0.007449,0.012488,-0.005190
0.001006,0.011558,-0.001969
0.005655,0.011676,-0.005416
0.004014,0.007012,-0.003792
0.004059,0.012703,-0.005307
-0.000295,0.001278,-0.001309
0.000804,0.007450,0.003722
0.005980,0.013659,0.001594
0.006386,0.014460,-0.003572
0.002025,0.012446,-0.000325
0.005534,0.010264,-0.003074
0.004308,0.004489,0.000971
0.002900,0.012214,-0.001635
0.004013,0.008263,-0.000641
0.005573,0.008963,-0.002594
0.002640,0.009062,0.000779
0.006446,0.014297,-0.003693
0.000754,0.009865,0.009971
0.002928,0.006817,0.008698
-0.000195,0.008886,0.008432
0.008076,0.009988,0.006664
0.002038,0.007882,0.005334
0.001557,0.006683,0.006588
0.001609,0.007628,0.003515
0.002337,0.008520,0.006497
-0.000652,0.010139,0.008526
0.002086,0.009425,0.005640
-0.001291,0.007014,0.005787
0.000033,0.008905,0.007712
0.001103,0.007229,0.006331
0.004558,0.009593,0.006846
0.001493,0.008986,0.006769
0.003946,0.009121,0.005827
0.001493,0.014793,0.007163
0.001129,0.012620,0.006843
-0.000632,0.010919,0.005066
0.007119,0.015313,0.005857
0.003784,0.008383,0.004222
0.002712,0.012122,0.007255
0.000703,0.012861,0.003940
0.005868,0.014425,0.006666
-0.001971,0.013778,0.006146
0.002618,0.016089,0.003798
0.002780,0.014734,0.002427
0.001234,0.012574,0.006408
0.003405,0.013525,0.006630
0.006112,0.014341,0.009907
0.001893,0.014942,0.006233
0.003196,0.014568,0.005109
-0.004508,0.003353,0.003857
-0.001032,0.004140,0.003605
-0.006390,0.004035,-0.000178
0.002028,0.003110,0.001905
-0.000041,0.003868,0.001280
0.000667,0.002891,0.003860
-0.005030,0.003194,0.001835
-0.000342,0.003578,-0.001765
-0.001414,0.004491,0.002414
-0.000380,0.001938,0.000823
-0.001662,0.000717,0.001740
-0.003309,0.005321,0.003524
-0.000156,0.003582,0.000556
-0.000294,0.003474,-0.000672
-0.000966,0.004265,0.003079
-0.001657,0.004085,0.004346
-0.005921,-0.001481,0.005657
-0.010773,-0.001756,0.006745
-0.008730,-0.001012,0.005158
-0.004514,0.000967,0.004019
-0.006853,-0.000375,0.007376
-0.004972,-0.002759,0.004729
-0.009555,0.000371,0.005556
-0.012417,-0.003077,0.004414
-0.011540,0.001529,0.002723
-0.006771,0.001538,0.006056
-0.008535,-0.000692,0.003369
-0.010784,0.000163,0.006241
-0.007825,-0.001534,0.005603
-0.008730,0.002958,0.005230
-0.009253,-0.001261,0.004838
-0.003954,-0.001384,0.003775
-0.002757,0.001137,-0.000379
-0.020705,0.001899,-0.004036
-0.000970,-0.005456,-0.002547
-0.001774,-0.017002,-0.005154
-0.022969,0.006524,0.012300
-0.012589,0.005169,-0.009323
-0.023747,0.001553,-0.000502
-0.027747,0.008638,0.015229
-0.028545,-0.011088,0.000941
-0.023331,-0.008914,-0.003223
-0.018253,-0.003058,0.000739
-0.030743,0.003354,0.002545
-0.020157,-0.006323,0.005092
-0.010042,0.003290,0.001050
-0.018664,0.003365,-0.009300
-0.013240,0.022078,-0.021632
0.311081,0.052699,0.191594
0.354684,0.104401,0.136055
0.422465,0.086582,0.191110
0.416416,0.036050,0.231774
0.354209,-0.016655,0.263241
0.354450,0.036207,0.118864
0.380542,0.001162,0.186055
0.435252,-0.042146,0.196928
0.443513,0.048737,0.118315
0.276838,0.032891,0.256606
0.462510,0.059108,0.165994
0.360912,0.077586,0.224757
0.488137,0.039148,0.221372
0.373938,0.051928,0.276184
0.396300,0.068207,0.143551
0.342964,-0.090241,0.239520
-0.004844,0.005047,0.007945
-0.005019,0.005433,0.002343
-0.004097,0.001097,0.005376
-0.001074,0.004260,0.010181
-0.003346,0.004463,0.007298
-0.002755,-0.001330,0.003599
-0.005918,0.001465,0.004522
-0.000954,0.004325,0.006495
-0.003697,0.007981,0.005341
-0.004837,0.004429,0.002265
-0.001115,0.007165,0.004691
-0.000767,0.005093,0.006083
-0.002698,0.004671,0.000972
-0.003226,0.005621,0.008430
-0.006082,0.006935,0.004022
-0.003750,0.002638,0.009565
0.001806,0.002061,0.008893
-0.000696,0.000234,0.007660
-0.003167,-0.000699,0.007280
-0.002609,-0.001892,0.008379
-0.002370,-0.000064,0.005989
-0.000863,-0.000362,0.007724
-0.003036,0.004358,0.005816
-0.000024,-0.002874,0.005568
-0.001236,0.000743,0.004002
0.000410,0.001523,0.004613
0.001521,0.002798,0.010029
-0.001626,0.000679,0.006713
0.000805,0.001151,0.006525
0.000843,0.001467,0.007103
-0.002147,0.002654,0.005895
-0.000863,0.000953,0.010327
-0.005279,0.008241,0.007560
-0.010079,0.000100,0.010684
-0.010371,0.000571,0.005672
-0.011939,-0.002432,0.003483
-0.006810,-0.001482,0.008475
-0.003287,0.001221,0.008285
-0.008511,0.005023,0.005401
-0.010444,0.003738,0.007746
-0.008018,0.004545,0.008977
-0.004815,0.001190,0.005792
-0.007122,0.001934,0.009553
-0.011587,0.007019,0.008600
-0.010656,0.007523,0.009636
-0.010022,0.001653,0.007091
-0.009902,0.004593,0.010229
-0.003074,0.003091,0.004256
0.249008,-0.002296,-0.269790
0.458083,-0.025166,-0.214753
0.385504,0.061962,-0.230613
0.353151,-0.094643,-0.349588
0.395397,-0.089379,-0.189538
0.308629,-0.131651,-0.269161
0.284376,-0.160391,-0.175310
0.469470,-0.249136,-0.306997
0.405951,-0.182454,-0.326399
0.334816,-0.038531,-0.239591
0.448357,-0.111684,-0.335168
0.333925,0.031491,-0.145061
0.445631,-0.144648,-0.150711
0.246484,-0.073684,-0.076744
0.386291,0.004587,-0.320925
0.363100,-0.128954,-0.047230
-0.001863,-0.004007,0.017719
-0.001980,-0.002752,0.012407
-0.010945,-0.003769,0.011946
-0.004575,-0.008984,0.013304
-0.006177,-0.004311,0.010317
-0.003711,-0.015126,0.006698
-0.012660,-0.007303,0.012202
-0.005348,0.003704,0.000157
-0.005671,0.003372,0.010302
0.002243,-0.013111,0.010621
0.001084,-0.011675,0.004839
-0.007076,-0.001462,0.014184
0.002009,-0.000604,0.002401
-0.002698,-0.008588,0.008306
-0.006276,0.008367,0.007403
0.004813,-0.006670,0.011666
-0.004275,-0.020925,0.023525
0.003607,-0.011641,0.009186
0.016451,-0.016067,0.005958
0.009851,-0.012864,0.017116
0.015913,-0.004179,0.025502
-0.001696,-0.009046,0.003588
0.005892,-0.023030,0.022182
0.022492,-0.006799,0.007009
0.001205,-0.010057,-0.005966
0.007049,-0.028792,0.005668
0.032477,-0.021470,-0.002478
0.006318,-0.018696,0.031323
0.004850,-0.010847,0.017318
0.002532,-0.016480,0.022516
-0.001581,-0.009261,-0.028577
0.003104,-0.025290,0.009720
