-0.005592,-0.003654,0.001127
-0.002481,-0.007737,0.001392
-0.005642,-0.001277,0.003417
-0.005972,-0.003951,-0.000416
-0.005378,-0.003920,0.005147
-0.006080,-0.003812,0.002897
-0.006084,-0.005105,0.001853
-0.005428,-0.006413,0.001488
-0.006303,-0.003539,0.002524
-0.004764,-0.006401,0.000565
-0.006409,-0.003953,0.001239
-0.005778,-0.003011,0.000064
-0.005466,-0.005506,0.003769
-0.005192,-0.005903,0.000287
-0.003949,-0.002489,-0.000884
-0.005024,-0.006926,0.001009
-0.001174,-0.002549,-0.004329
-0.002852,-0.006671,-0.003385
-0.002000,-0.004392,-0.005903
-0.000318,-0.003976,-0.003799
-0.001941,-0.004786,-0.002166
-0.002046,-0.003126,-0.003585
-0.002443,-0.004466,-0.003356
-0.001348,-0.004444,-0.003166
-0.002000,-0.003842,-0.003293
-0.003890,-0.005125,-0.003341
-0.003324,-0.003138,-0.003799
-0.002839,-0.007142,-0.003022
-0.001396,-0.004663,-0.003427
-0.001012,-0.004918,-0.007161
-0.003485,-0.004522,-0.004222
-0.002069,-0.003560,-0.004803
0.018278,-0.002285,0.007116
0.016014,-0.002882,0.003248
0.018495,-0.002604,0.004437
0.012243,-0.000977,0.003586
0.014680,-0.004315,0.006151
0.013497,-0.000489,0.007006
0.013637,-0.000282,0.007375
0.010786,-0.001752,0.004054
0.014225,0.000297,0.000467
0.014664,0.000257,0.005232
0.012625,-0.002543,0.006636
0.012485,-0.000430,0.004287
0.012321,0.000282,0.006421
0.015204,-0.002537,0.001450
0.015231,-0.003415,0.001992
0.015899,-0.000891,0.001924
0.003031,0.005395,-0.005857
-0.000450,0.005723,-0.004971
0.004867,0.005267,-0.003647
-0.001135,0.008446,-0.004638
-0.000837,0.007145,-0.002434
0.000775,0.010191,-0.001808
0.001820,0.010413,-0.003206
-0.001976,0.007677,-0.001275
0.001639,0.008235,-0.005058
0.004472,0.006328,-0.005987
0.001944,0.006331,-0.002760
-0.000332,0.008316,-0.004087
0.001291,0.007044,-0.000818
0.001997,0.004190,-0.003384
0.003976,0.007349,-0.004626
0.000381,0.005988,-0.006601
0.350548,0.023857,0.078387
0.449338,0.026638,-0.008625
0.502819,0.016557,0.119372
0.525016,0.011562,0.317280
0.448235,-0.001853,0.077792
0.263090,0.019422,0.014188
0.384445,-0.029175,0.111956
0.574447,0.006713,0.066397
0.515073,-0.001111,-0.003575
0.331764,0.015305,0.207685
0.493349,0.010663,-0.101090
0.482179,0.009191,0.221576
0.557944,-0.001449,-0.054073
0.417951,0.020237,0.151176
0.413575,-0.006137,-0.073996
0.435709,0.013430,0.297457
0.177852,-0.044650,0.100032
0.380593,-0.044692,0.002769
0.543563,-0.033869,0.195745
0.549979,-0.055949,0.335515
0.404043,-0.036923,0.232706
0.297841,-0.079787,0.013908
0.339273,-0.076735,0.185282
0.521145,-0.075755,0.076868
0.425391,-0.100491,0.008386
0.209113,-0.061127,0.223079
0.459252,-0.103502,-0.113505
0.317210,-0.066010,0.288298
0.456068,-0.083539,0.179072
0.262829,-0.033768,0.108499
0.307103,-0.016357,-0.083859
0.441754,-0.071861,0.312596
-0.200918,0.033462,0.178086
-0.131860,0.043739,0.124238
-0.148344,0.050975,0.206218
-0.182076,0.024007,0.077995
-0.099657,0.005323,0.248391
-0.130794,0.048085,-0.060410
-0.174065,0.013861,0.148498
-0.097409,-0.003559,0.145363
-0.125901,0.008738,0.065266
-0.062123,0.019394,0.090793
-0.164133,0.057157,0.020474
-0.020985,0.042470,0.140634
-0.085321,0.026085,0.190379
-0.040299,0.028975,0.263412
-0.090925,0.046083,0.016619
-0.191928,0.026469,0.229744
-0.010377,-0.006760,-0.001261
-0.014513,-0.005043,0.000845
-0.015101,-0.007551,-0.002874
-0.016395,-0.003665,0.000874
-0.011363,-0.004972,0.001475
-0.015040,-0.001604,-0.006451
-0.012084,-0.004090,-0.000540
-0.011807,-0.003332,-0.002628
-0.015369,-0.001377,-0.002601
-0.013827,-0.003713,-0.000691
-0.014670,-0.004776,-0.004121
-0.015084,-0.006622,-0.000753
-0.016144,-0.001224,0.000875
-0.013262,-0.002861,0.000311
-0.012636,-0.005058,0.000645
-0.014862,-0.007850,0.001079
-0.002135,0.004924,0.007504
-0.002135,0.002120,0.008277
0.000021,0.004554,0.008362
-0.003217,0.004026,0.004896
-0.002198,0.004663,0.006235
-0.004048,0.005903,0.005299
-0.000728,0.004004,0.005866
-0.001877,0.005737,0.003030
-0.004986,0.006275,0.005643
-0.001960,0.004765,0.005106
-0.002069,0.004818,0.005348
0.000252,0.003218,0.004000
-0.003257,0.005812,0.008044
-0.000571,0.002260,0.003870
-0.003018,0.004225,0.002640
-0.001945,0.004611,0.005607
-0.008857,0.001053,0.008508
-0.010224,-0.000587,0.008191
-0.012075,-0.000363,0.009154
-0.012352,0.000066,0.009531
-0.009809,0.001063,0.012932
-0.010515,0.000606,0.008436
-0.010218,-0.000129,0.009884
-0.011317,0.000674,0.011511
-0.012869,0.003089,0.009595
-0.009873,-0.000141,0.012834
-0.012533,0.002141,0.007239
-0.009587,0.001781,0.007669
-0.011976,-0.000299,0.010437
-0.008529,0.002169,0.008100
-0.009850,0.000553,0.005649
-0.010004,-0.002141,0.010442
0.052812,0.038075,0.210354
0.115364,0.024331,0.281721
0.293038,0.066153,0.369392
0.457820,0.036957,0.387904
0.201847,-0.087161,0.372611
0.068925,-0.003210,0.319493
0.198616,-0.010997,0.318510
0.380331,-0.035725,0.407913
0.302594,0.024546,0.303215
0.131860,-0.005391,0.409354
0.173977,0.019133,0.217451
0.219219,0.011866,0.372978
0.386189,0.026153,0.343913
0.124348,0.072008,0.374633
0.224614,-0.016929,0.240014
0.297998,-0.003473,0.391898
0.023023,-0.004428,0.002310
0.020126,0.000205,0.000968
0.019262,-0.004516,0.003664
0.026382,0.000151,-0.001326
0.021528,-0.005316,0.005667
0.021378,-0.005136,-0.002912
0.018027,-0.006968,0.004476
0.024164,-0.008706,0.003118
0.018704,-0.003866,0.007146
0.019176,-0.002895,0.004476
0.015469,-0.007112,-0.000819
0.016469,-0.003485,0.002552
0.019713,-0.002119,-0.001038
0.019492,-0.001921,-0.000686
0.020342,-0.005071,0.004449
0.021531,-0.006310,0.006612
-0.002268,0.002958,-0.000494
-0.002645,-0.001114,-0.001370
-0.001655,0.001858,-0.001566
-0.002881,-0.000335,-0.000397
-0.005406,0.000569,0.000724
-0.004512,0.002877,-0.000371
-0.007333,0.003294,0.001976
-0.003039,0.001786,0.002911
-0.005668,0.003127,-0.000780
-0.003524,-0.000958,0.001484
-0.005151,0.001967,0.000160
-0.006040,0.002201,-0.001607
-0.005342,0.002695,0.002487
-0.002946,-0.002023,-0.000675
-0.002378,0.000370,0.000569
-0.003473,0.002965,-0.003564
0.003043,-0.000534,-0.000980
0.004145,-0.000433,-0.001448
0.000508,-0.000062,-0.002217
0.000073,0.001674,-0.000696
0.002993,0.001538,-0.001280
0.001513,0.003858,-0.000493
0.003521,0.002489,-0.000512
0.000170,0.000475,0.000374
-0.001738,0.002777,-0.001609
0.000721,0.000742,-0.001654
-0.000597,-0.000977,-0.001129
0.003323,-0.000562,-0.001975
-0.000894,0.001494,-0.000424
-0.000243,0.001100,0.000081
0.001744,0.000587,-0.001448
-0.000239,0.001157,-0.003685
-0.003275,0.001492,-0.002917
-0.007434,-0.000161,-0.002619
-0.007468,0.000680,-0.002937
-0.009702,0.001646,-0.002846
-0.004931,0.001087,-0.003074
-0.007325,0.000806,-0.001570
-0.006664,0.002533,0.000551
-0.008493,0.000197,-0.000324
-0.005541,0.001500,-0.001011
-0.005615,0.000294,-0.002708
-0.007063,-0.000839,-0.004953
-0.006691,0.001292,-0.001170
-0.006580,0.000295,0.000197
-0.003630,-0.001348,0.000578
-0.003944,-0.000146,-0.003251
-0.004919,-0.000934,-0.004067
-0.001444,0.000263,-0.008784
-0.005947,0.001163,-0.010419
-0.001843,-0.000050,-0.007648
-0.006052,0.001224,-0.010268
-0.003212,0.002076,-0.005953
-0.002376,0.003601,-0.009710
-0.002325,0.003554,-0.006158
-0.006641,0.002552,-0.007826
-0.003928,0.003201,-0.007749
-0.002389,0.001770,-0.005403
-0.003021,-0.000588,-0.006588
-0.002614,0.000762,-0.010939
-0.002449,0.002406,-0.007790
-0.004621,0.001801,-0.009205
-0.002377,-0.000366,-0.009213
-0.004848,0.001143,-0.012360
0.276189,-0.087586,-0.375976
0.505791,-0.128105,-0.372483
0.478963,-0.097489,-0.283450
0.446570,-0.284139,-0.326858
0.396763,-0.078854,-0.254377
0.447413,-0.185051,-0.354572
0.306634,-0.098068,-0.292767
0.526995,-0.504442,-0.382318
0.482942,-0.387135,-0.370329
0.400618,-0.164098,-0.321491
0.464758,-0.064595,-0.368780
0.249277,-0.073438,-0.254873
0.496442,-0.261475,-0.388197
0.461895,-0.136356,-0.334295
0.385499,-0.074155,-0.373628
0.373354,-0.104819,-0.177502
0.002394,-0.004632,-0.007041
-0.000382,-0.002926,-0.004765
0.002494,-0.009149,-0.005740
0.001239,-0.000245,-0.003300
0.001738,-0.000916,-0.006985
-0.001920,0.000314,-0.003415
-0.002567,0.004738,-0.005057
-0.000981,-0.000550,-0.004571
0.000972,-0.001579,-0.005914
0.000766,0.000502,-0.006395
-0.000318,-0.003175,-0.009446
-0.003630,-0.003013,-0.005196
-0.000784,-0.002544,-0.004144
0.001559,-0.002902,-0.008485
-0.001218,-0.001879,-0.004942
0.002943,-0.000617,-0.004055
-0.003591,0.002150,-0.004568
-0.004688,-0.001335,-0.002501
-0.005584,-0.001670,-0.003529
-0.003471,-0.003228,-0.004859
-0.002994,-0.000285,-0.001401
-0.000785,-0.001168,-0.003854
-0.005059,-0.000815,-0.002044
-0.004769,-0.001085,-0.002488
-0.005185,0.000695,-0.002962
-0.003083,-0.001856,-0.002434
-0.005197,-0.000374,-0.003475
-0.002997,0.001518,-0.002577
-0.003737,-0.001415,-0.002369
-0.003671,-0.000773,-0.004609
-0.004247,-0.001909,-0.002740
-0.001251,0.000975,-0.005827
-0.000637,-0.003946,0.000229
-0.003225,-0.004472,0.001008
-0.005903,-0.003220,-0.001095
-0.000133,-0.000881,-0.002430
0.000435,-0.005499,-0.002319
-0.003440,-0.002905,-0.002527
-0.003728,-0.005662,-0.002179
-0.002417,-0.005355,0.000094
-0.004356,-0.002492,-0.001184
-0.003364,-0.004128,0.000193
-0.004066,-0.002749,-0.002401
-0.004404,-0.003628,0.000373
-0.004774,-0.002904,0.002406
-0.001427,-0.004024,0.000641
-0.000471,-0.003611,0.001995
-0.001594,-0.004504,-0.000304
0.000188,0.003400,0.015028
0.002731,0.001000,0.015145
-0.000669,-0.000396,0.013897
-0.003242,-0.001695,0.011079
-0.001532,0.000573,0.016199
-0.001718,0.002989,0.016374
-0.002112,0.001626,0.018583
-0.001015,0.000729,0.014446
-0.002429,0.001552,0.014671
0.001820,0.000175,0.016594
-0.003444,0.001215,0.017770
-0.001094,0.001770,0.012219
-0.002398,0.002689,0.016640
-0.000109,-0.000535,0.018199
0.001143,-0.000069,0.018907
-0.000762,0.003040,0.011232
0.007521,-0.001986,0.002825
0.005552,-0.003948,0.003477
0.005978,-0.005193,0.002243
0.002759,-0.004633,0.004277
0.007065,-0.005684,-0.000668
0.005280,-0.004481,0.002647
0.007926,-0.002601,-0.000458
0.006565,-0.004159,0.005806
0.008035,-0.005129,0.002596
0.005620,-0.007058,0.003920
0.004239,-0.002651,0.007713
0.006060,-0.005340,0.001953
0.004642,-0.001697,0.005164
0.005299,-0.005076,0.004533
0.004386,-0.006292,0.000197
0.008540,-0.005823,0.000033
-0.001056,0.002772,0.004692
-0.003499,0.002309,0.002964
-0.002141,-0.000259,0.005274
-0.002484,0.002215,0.002652
0.001035,0.001029,0.004386
-0.001592,0.006825,0.003912
-0.002722,0.004893,0.004887
-0.002696,0.003238,0.006548
-0.003041,0.002577,0.003482
-0.002031,-0.000301,0.005460
-0.001174,0.002744,0.004194
-0.000690,0.000120,0.003288
-0.003849,0.003686,0.007215
-0.000957,0.003457,0.001922
-0.002156,0.000943,0.002776
-0.002350,0.001466,0.002006
-0.000205,0.001194,-0.002761
-0.001327,-0.002657,-0.004621
-0.000134,-0.002026,-0.002557
-0.000988,0.000409,-0.005124
-0.002462,0.000248,-0.003533
-0.001443,0.000340,-0.004405
-0.004336,0.000776,-0.002721
-0.002830,0.000237,-0.002119
-0.003190,-0.000058,-0.004774
-0.002223,-0.000979,-0.001803
-0.003966,-0.000602,-0.003391
-0.003193,-0.001534,-0.006760
-0.004286,-0.001565,0.001029
-0.000442,-0.001864,-0.005028
-0.001862,-0.002227,-0.004896
-0.003496,-0.001244,-0.006500
-0.002672,0.004867,-0.005969
-0.004635,0.001752,-0.004648
-0.006529,-0.001504,-0.006507
-0.005150,0.001315,-0.006493
-0.004823,0.002697,-0.006506
-0.005083,0.000781,-0.004468
-0.003683,0.002208,-0.002791
-0.006877,0.002567,-0.002301
-0.005781,0.005447,-0.007136
-0.004670,0.002085,-0.002075
-0.007429,0.000632,-0.004688
-0.003904,0.001743,-0.005221
-0.005728,0.002464,-0.003629
-0.002002,0.001733,-0.003219
-0.006100,0.000933,-0.004231
-0.006056,0.002508,-0.007342
-0.007904,0.000888,0.001077
-0.007764,-0.003026,0.001342
-0.015338,0.000559,0.002446
-0.010645,-0.000590,0.002264
-0.008351,-0.001230,-0.000102
-0.009632,-0.000241,-0.001769
-0.010372,-0.001366,0.001673
-0.009211,-0.000371,0.001913
-0.011480,0.002019,0.003402
-0.008531,-0.002025,0.003287
-0.012052,-0.000603,-0.002725
-0.011805,0.000201,0.001380
-0.010213,0.000496,-0.000252
-0.009209,-0.000830,-0.000558
-0.008619,-0.001480,-0.000030
-0.011227,-0.002898,0.001286
-0.000810,-0.000045,-0.001490
-0.002613,-0.003333,-0.002098
-0.005974,-0.002535,-0.000167
-0.002569,-0.002066,-0.000286
0.000018,-0.001623,-0.000448
-0.003141,-0.000350,-0.000737
-0.004171,-0.002986,0.001999
-0.001607,-0.004494,-0.001433
-0.003790,-0.000370,0.001162
-0.004703,-0.002356,0.001452
-0.005188,-0.000429,-0.001345
-0.006340,-0.003447,0.001868
-0.003724,0.000432,-0.001432
-0.002897,-0.000232,-0.001496
-0.002422,-0.000944,0.000467
-0.004087,0.000329,0.001178
-0.002792,-0.007675,-0.000553
-0.001333,-0.007680,-0.002684
-0.006501,-0.009661,-0.003169
-0.003560,-0.010296,-0.000755
-0.002060,-0.008455,-0.000727
-0.001994,-0.008756,-0.003072
-0.005608,-0.007306,-0.001535
-0.002855,-0.009745,0.000752
-0.005619,-0.008139,-0.001038
-0.004077,-0.009679,0.000434
-0.005931,-0.007575,-0.002991
-0.002848,-0.008676,0.001455
-0.004400,-0.009144,-0.001604
-0.004790,-0.010388,-0.004002
-0.002515,-0.009474,-0.000765
-0.003221,-0.008020,-0.000873
0.002673,0.004871,0.014290
0.004529,0.000178,0.011633
0.002785,0.000119,0.014156
-0.000982,0.002459,0.012313
0.001206,0.003247,0.013672
0.002081,0.001722,0.014781
0.000846,0.001349,0.013197
0.001352,0.002113,0.012708
0.001103,0.003160,0.014425
0.000918,0.002185,0.015104
-0.000713,0.001437,0.014558
0.000793,0.001453,0.012387
0.003385,0.004832,0.011909
0.003560,0.002705,0.013383
0.002523,0.001917,0.011473
0.002752,0.003466,0.010010
-0.005035,-0.005726,0.020654
-0.007310,-0.004472,0.018094
-0.002574,-0.001747,0.019902
-0.004093,-0.002336,0.019516
-0.005071,-0.002683,0.019567
-0.004108,-0.004428,0.017286
-0.006092,-0.004549,0.018672
-0.003611,-0.004086,0.022451
-0.003769,-0.002983,0.017531
-0.004958,-0.004322,0.020121
-0.005119,0.000111,0.018865
-0.005324,-0.001317,0.019631
-0.006971,-0.003499,0.018256
-0.006028,-0.001899,0.019742
-0.003079,-0.003779,0.019156
-0.005656,-0.002897,0.018454
-0.077001,0.012728,0.148528
-0.065139,-0.048401,0.126025
-0.089434,-0.017549,0.189595
-0.105496,-0.041640,-0.007362
-0.071763,0.013051,-0.031263
0.073131,-0.076167,0.076672
0.042482,-0.027066,0.140786
-0.011629,-0.010098,0.030413
0.165508,-0.089386,0.011085
0.037350,-0.040907,-0.028639
0.090227,-0.069988,0.230078
0.039300,-0.003161,0.065082
-0.001910,0.005115,0.096108
-0.033517,-0.046197,0.192456
-0.025747,-0.086373,0.025625
0.012872,-0.064429,-0.088061
0.010600,-0.010742,0.003997
0.009429,-0.012221,0.006473
0.012029,-0.013254,0.005540
0.012019,-0.011455,0.002908
0.011813,-0.012063,0.002088
0.011530,-0.012061,0.006119
0.011980,-0.011731,0.003784
0.010983,-0.013804,0.006908
0.011279,-0.010642,0.006739
0.011953,-0.012954,0.003742
0.009181,-0.012484,0.007294
0.009050,-0.010367,0.005730
0.009844,-0.013691,0.005257
0.012581,-0.012443,0.004126
0.011368,-0.012169,0.005080
0.013311,-0.010640,0.003276
0.001144,0.008697,0.005573
0.001352,0.005305,0.003971
-0.000324,0.006719,0.008834
-0.000910,0.007073,0.008848
0.000723,0.006835,0.008558
-0.002311,0.009235,0.007018
-0.001242,0.008830,0.007108
-0.001043,0.003622,0.006569
0.001067,0.008986,0.008531
0.000285,0.006442,0.005932
-0.002154,0.006689,0.006197
-0.004633,0.005493,0.007628
0.000461,0.008875,0.007743
-0.000536,0.008312,0.009574
0.001218,0.006471,0.004008
-0.000284,0.009840,0.003752
0.005470,0.006547,0.008560
0.002551,0.008364,0.010322
0.003088,0.008081,0.010155
0.000252,0.008826,0.010094
0.004758,0.008337,0.009716
-0.000035,0.010031,0.008366
0.002260,0.009057,0.011274
0.003072,0.006706,0.008598
0.002710,0.011711,0.010117
0.004913,0.005202,0.009461
0.002894,0.008116,0.008499
0.002439,0.007609,0.008930
0.000166,0.008724,0.010291
0.000846,0.005971,0.011722
0.003577,0.005627,0.009099
0.003043,0.007015,0.008736
0.006064,0.003454,-0.000419
0.001448,-0.000325,-0.001195
0.003512,0.003764,-0.001014
0.002204,-0.001171,-0.004538
0.002879,0.002295,-0.001811
0.003767,0.003943,-0.002761
0.004149,0.004577,0.000129
0.002488,-0.000853,0.000088
0.003269,0.002414,-0.002533
0.004808,0.000332,-0.001969
0.003078,0.001902,0.001693
0.003248,0.002323,-0.002316
0.002558,0.001178,0.001738
0.004000,-0.002125,-0.000009
0.002600,0.000172,-0.004040
0.002331,0.000287,-0.003108
0.002210,0.003440,0.002336
0.001201,0.003227,-0.000850
0.000357,0.001460,0.000343
-0.001552,0.003541,0.001738
0.001386,-0.000534,-0.000686
0.000261,0.004569,0.001664
0.001171,0.002267,0.002188
0.001445,0.001174,0.002059
-0.001459,0.002457,0.003144
0.003053,0.000742,0.002662
-0.001278,0.002306,0.001891
-0.000390,0.000729,0.000733
-0.000784,0.002430,0.001459
0.002927,0.001789,0.001366
-0.001540,0.001588,0.000047
0.000116,0.002884,-0.000753
-0.002450,0.001156,0.010549
-0.005121,-0.000151,0.007571
-0.001048,0.001851,0.006183
-0.005752,-0.002053,0.003979
-0.004675,0.001064,0.006830
-0.004089,0.000295,0.007435
-0.006478,0.002611,0.010985
-0.006766,0.000662,0.008606
-0.006416,0.001879,0.006575
-0.004628,0.000306,0.007463
-0.003313,0.004076,0.008237
-0.007858,0.000215,0.003731
-0.008148,-0.001788,0.008071
-0.005049,0.002406,0.007607
-0.003258,0.000271,0.006268
-0.006936,0.000830,0.003096
-0.003891,0.003403,0.010778
-0.006391,0.000438,0.010004
-0.008666,0.002548,0.010877
-0.007517,0.000207,0.012031
-0.004621,0.000425,0.010258
-0.005546,0.001053,0.010094
-0.009522,0.001638,0.012310
-0.006701,-0.000430,0.010578
-0.010247,0.003723,0.011682
-0.007424,0.002315,0.011268
-0.009397,0.000933,0.007110
-0.008958,-0.000013,0.009334
-0.008895,0.001767,0.009824
-0.009118,0.001344,0.008425
-0.007632,0.001922,0.009178
-0.007244,0.001082,0.010105
0.000828,0.001071,-0.005987
-0.001710,0.000483,-0.005385
-0.001861,0.002327,-0.008202
0.003209,0.001068,-0.007841
0.004003,-0.000444,-0.004582
0.000409,0.002499,-0.005355
-0.001905,-0.000137,-0.005048
-0.000544,0.001457,-0.005761
-0.000272,0.004882,-0.006009
0.002380,0.000984,-0.007204
-0.002614,0.001023,-0.010251
-0.000341,0.001959,-0.007815
-0.003121,0.000844,-0.004244
0.001221,-0.001201,-0.006735
0.002698,-0.001136,-0.007657
0.000714,0.001672,-0.006774
-0.006091,-0.002142,-0.002070
-0.007514,-0.005814,-0.001564
-0.005320,-0.001603,-0.001021
-0.008657,-0.004889,-0.006289
-0.004829,-0.003937,0.000971
-0.005406,-0.005556,-0.004729
-0.007314,-0.003212,-0.001453
-0.008286,-0.004383,-0.001971
-0.005518,-0.002282,-0.002014
-0.002970,-0.005088,-0.000310
-0.007357,-0.003562,-0.002837
-0.005598,-0.001451,-0.002011
-0.006874,-0.002712,-0.000823
-0.007758,-0.005833,-0.002812
-0.004407,-0.005474,-0.002484
-0.006572,-0.004927,-0.003287
-0.001119,0.002657,0.004669
-0.000799,0.000112,0.005016
-0.002500,0.001856,0.004317
0.000679,0.002249,0.004902
0.000987,0.000420,0.004778
-0.002660,0.001673,0.005837
-0.004230,0.003790,0.006893
-0.001506,-0.000155,0.004099
-0.002617,0.000742,0.006006
-0.001333,-0.003260,0.004383
-0.003715,0.000835,0.003186
-0.001573,-0.000403,0.002932
-0.003343,0.000980,0.005342
-0.002920,0.000804,0.004024
0.002702,0.000877,0.003439
0.000326,0.001670,0.004948
-0.000587,-0.010755,0.006791
-0.002455,-0.012673,0.004132
0.001015,-0.011057,0.006181
-0.001153,-0.010736,0.005044
-0.002417,-0.012984,0.005450
-0.002349,-0.008869,0.004706
-0.002681,-0.007723,0.004557
-0.006038,-0.009847,0.005597
-0.004901,-0.008792,0.005332
-0.003498,-0.009857,0.008150
-0.005210,-0.009122,0.006056
-0.002750,-0.012511,0.004922
-0.004454,-0.010147,0.008244
0.000821,-0.008432,0.004030
-0.002364,-0.011379,0.003742
-0.004175,-0.009792,0.003611
0.003786,0.006843,0.011719
0.002397,0.002398,0.012492
0.001409,0.007314,0.013705
0.002392,0.005049,0.011472
0.003824,0.004444,0.014532
0.002034,0.005645,0.011953
0.000684,0.006696,0.015043
0.002442,0.005632,0.013144
0.000009,0.008915,0.012609
0.001663,0.006356,0.012391
-0.002361,0.007834,0.008902
-0.000953,0.007429,0.010717
0.000065,0.003695,0.009213
0.005589,0.005366,0.012316
0.002495,0.006866,0.009845
0.000364,0.007116,0.012098
-0.000201,-0.001751,0.009985
-0.001830,-0.002174,0.008758
-0.001629,-0.002435,0.010803
-0.001996,-0.003660,0.007258
-0.000629,-0.003989,0.008741
-0.000805,-0.001046,0.010663
-0.001194,-0.001131,0.011615
-0.004566,-0.000161,0.012983
-0.001835,-0.000034,0.010418
-0.001003,-0.002558,0.013065
-0.005294,0.000341,0.008948
-0.003284,-0.003292,0.011897
-0.003863,-0.003633,0.012788
0.000247,-0.001916,0.010851
-0.001639,-0.004673,0.010166
-0.002931,-0.002981,0.007557
-0.010543,-0.000699,-0.000407
-0.011780,0.001103,-0.000914
-0.010309,-0.000264,0.002883
-0.014685,0.001137,0.002390
-0.007940,0.003011,0.002589
-0.011288,0.004529,0.002475
-0.011607,0.004090,0.002394
-0.011237,0.002259,0.002229
-0.010411,0.000111,0.000712
-0.011322,0.000489,-0.000468
-0.011006,0.003395,-0.000754
-0.012773,-0.001111,0.003237
-0.013392,0.004972,0.002042
-0.011173,0.002871,-0.002174
-0.009985,0.001699,-0.002759
-0.010281,0.000913,-0.001240
-0.012894,-0.002553,0.008221
-0.012742,-0.006859,0.007688
-0.014121,-0.003721,0.011947
-0.014797,-0.002258,0.009565
-0.014211,-0.001399,0.007970
-0.014405,-0.000887,0.007622
-0.013717,-0.000566,0.010155
-0.018499,-0.001587,0.012631
-0.015564,0.000453,0.007957
-0.012903,-0.003475,0.010000
-0.016432,-0.001590,0.011304
-0.018978,-0.002693,0.010374
-0.017097,-0.003657,0.011755
-0.015253,-0.006317,0.010806
-0.014581,0.000244,0.010466
-0.017312,-0.002728,0.003846
0.008342,-0.002787,-0.000750
0.008278,-0.003948,0.000449
0.008047,-0.006144,-0.000346
0.004070,-0.005099,-0.002558
0.007514,-0.004649,0.000601
0.008301,0.000909,0.001625
0.009293,-0.001220,0.003976
0.008241,-0.005993,0.000274
0.008776,-0.000847,0.002150
0.009234,-0.005278,0.001174
0.008923,-0.003802,0.004111
0.006061,-0.001303,-0.001498
0.006593,-0.002895,0.003076
0.008168,-0.003091,0.000315
0.010823,-0.004121,0.000495
0.007332,-0.001309,-0.000927
0.006327,0.008619,0.010106
0.003689,0.010013,0.009154
0.008069,0.009938,0.008924
0.001433,0.008259,0.006137
0.006790,0.010926,0.006279
0.005430,0.011052,0.006618
0.006493,0.011963,0.009952
0.002350,0.010127,0.009969
0.005731,0.011509,0.010031
0.006098,0.009895,0.007999
0.007417,0.009328,0.011437
0.004250,0.012209,0.010024
0.003718,0.010935,0.010145
0.006056,0.009612,0.007642
0.002578,0.011105,0.005073
0.003390,0.008444,0.006844
0.003263,-0.011291,0.009573
0.002404,-0.009861,0.007618
0.000811,-0.012297,0.008861
-0.000687,-0.012010,0.004453
0.003239,-0.011077,0.009364
0.003066,-0.008581,0.005435
0.001180,-0.009828,0.006759
-0.000882,-0.013351,0.010569
0.000169,-0.011625,0.007383
0.001599,-0.013005,0.008559
-0.002099,-0.011342,0.006886
-0.000637,-0.012112,0.004872
-0.000164,-0.011774,0.008459
0.003253,-0.009863,0.006213
0.004165,-0.012623,0.008525
0.000420,-0.009342,0.004914
0.004642,-0.007711,0.008253
0.003148,-0.009489,0.008524
0.000665,-0.009279,0.008674
0.002657,-0.010219,0.005128
0.002336,-0.007034,0.006243
-0.000935,-0.007226,0.006936
0.001891,-0.006729,0.007317
0.001042,-0.008286,0.006532
0.002905,-0.007335,0.006715
0.002183,-0.008114,0.008096
0.001757,-0.005191,0.011478
0.000801,-0.006566,0.006635
0.002400,-0.009715,0.007965
0.004343,-0.008098,0.009763
0.000424,-0.009018,0.007546
0.003155,-0.007848,0.004669
-0.000595,-0.006156,-0.005260
-0.002190,-0.007973,-0.006506
-0.001637,-0.007059,-0.004126
-0.002676,-0.009682,-0.005926
-0.002234,-0.004108,-0.003162
-0.002913,-0.002441,-0.004613
-0.003838,-0.004541,-0.003293
-0.002559,-0.005506,-0.005540
-0.005862,-0.004285,-0.005582
0.000557,-0.005319,-0.006506
-0.005272,-0.004223,-0.005523
-0.001200,-0.004396,-0.004979
-0.004277,-0.004375,-0.000555
-0.002409,-0.006285,-0.004471
-0.001128,-0.007044,-0.006279
-0.001806,-0.005254,-0.008491
-0.001417,0.004591,-0.000341
0.000951,0.001226,-0.002565
-0.003314,0.005111,-0.002494
-0.002032,0.004487,-0.002592
0.001189,0.003474,-0.003051
-0.002058,0.004605,-0.005883
-0.001572,0.003051,-0.001497
-0.001910,0.001455,-0.001769
-0.004234,0.003739,-0.001826
-0.002545,0.002871,-0.001308
-0.002292,0.003467,-0.005403
-0.003414,0.001956,-0.002996
-0.001997,0.005853,-0.001995
-0.000605,0.002799,-0.002911
0.001242,0.004127,-0.003217
-0.000901,0.002305,-0.003741
-0.000481,0.003260,-0.009978
-0.001009,-0.000135,-0.011773
-0.000094,0.002444,-0.010162
-0.003720,0.000951,-0.011707
-0.000941,0.000014,-0.010431
-0.004735,0.002108,-0.010151
-0.004584,0.001880,-0.009584
-0.003105,0.002990,-0.009892
-0.001938,0.004568,-0.010422
-0.002646,0.003514,-0.008860
-0.006437,0.004893,-0.009373
-0.001647,0.004993,-0.009974
-0.001921,0.000652,-0.008721
0.000094,0.000979,-0.009230
-0.001136,0.001648,-0.011577
-0.003506,0.004057,-0.011628
-0.000734,0.003218,-0.008567
0.000584,0.001523,-0.008116
-0.001676,0.002599,-0.009313
-0.002836,0.004733,-0.009010
-0.002771,0.002988,-0.008516
-0.002224,0.003465,-0.006610
-0.002453,0.004435,-0.005728
-0.001188,0.004132,-0.009007
-0.002437,0.003747,-0.009184
-0.003296,0.003468,-0.008097
-0.003566,0.003952,-0.007549
-0.003237,0.005045,-0.008110
-0.001220,0.001335,-0.006549
0.000037,0.000952,-0.006198
-0.001266,0.003863,-0.006596
-0.001321,0.004914,-0.008783
0.002121,-0.001135,0.001533
0.001546,0.000259,-0.001357
0.000188,-0.001918,-0.000344
-0.000151,-0.001011,-0.002092
0.002140,-0.000775,-0.000998
0.000491,-0.000666,-0.003907
0.000650,-0.000786,-0.002593
0.000279,-0.004623,-0.000282
0.001926,0.002065,-0.000008
0.002089,-0.001928,0.001599
-0.001026,-0.000167,-0.001272
-0.000088,0.000616,0.000738
-0.002356,-0.001277,-0.000704
0.001189,-0.000363,0.000190
0.001807,-0.002919,-0.003209
0.001654,-0.002847,0.000955
-0.005932,-0.005541,0.003199
-0.006693,-0.004382,0.004558
-0.004927,-0.005091,0.006297
-0.008351,-0.004490,0.003650
-0.009251,-0.003859,0.006286
-0.006188,-0.002106,0.006772
-0.009592,-0.002399,0.008577
-0.009624,-0.006654,0.004606
-0.006555,-0.003475,0.005074
-0.006925,-0.003894,0.003855
-0.009838,-0.005542,0.006356
-0.009209,-0.002680,0.004420
-0.009693,-0.005512,0.007627
-0.007415,-0.005552,0.005085
-0.007176,-0.004188,0.004666
-0.005271,-0.003516,0.002707
0.002389,-0.011565,0.005384
0.002563,-0.011376,0.005444
0.001087,-0.011304,0.006411
-0.000940,-0.010603,0.006203
0.002359,-0.010180,0.006146
0.000767,-0.013121,0.001298
0.001472,-0.015550,0.005460
0.003681,-0.011038,0.003988
-0.001316,-0.012589,0.007864
0.000429,-0.010325,0.006001
-0.000407,-0.009394,0.005193
0.000732,-0.011728,0.006060
0.001519,-0.007697,0.004288
0.000788,-0.011110,0.004738
0.001035,-0.008359,0.007130
0.000662,-0.012863,0.006792
-0.008422,-0.002059,0.004680
-0.010200,-0.003871,0.005087
-0.010654,-0.004368,0.006085
-0.012134,-0.002625,0.002612
-0.007884,-0.001860,0.004673
-0.010677,-0.004319,0.004672
-0.008934,-0.003260,0.006145
-0.008981,-0.001469,0.005290
-0.011131,-0.000887,0.004712
-0.012640,-0.002504,0.005791
-0.008916,-0.002240,0.006159
-0.008243,-0.001830,0.002786
-0.010244,-0.001743,0.007345
-0.007274,-0.002087,0.006655
-0.008962,-0.003050,0.000794
-0.007982,-0.002412,0.001702
-0.000308,-0.000119,0.010288
0.003500,-0.001934,0.008470
0.000042,-0.000119,0.007034
0.003375,0.001433,0.007843
0.000481,-0.000243,0.009514
-0.002099,0.000134,0.004938
0.000684,-0.001764,0.007378
0.003745,0.001124,0.006794
0.000720,0.002320,0.009781
0.000451,0.000414,0.006522
0.001486,0.002511,0.004647
-0.000138,0.000387,0.006535
0.001691,-0.001025,0.009488
0.002287,-0.000445,0.006581
0.000869,-0.001814,0.007669
0.000953,0.001826,0.008366
0.005366,0.003016,0.007736
0.004526,0.003018,0.008981
0.004548,0.004896,0.008628
0.007760,0.002104,0.006269
0.006092,0.004706,0.011889
0.005345,0.003375,0.002967
0.004510,0.004430,0.007209
0.006665,0.001875,0.007682
0.001526,0.004115,0.007864
0.004754,0.004228,0.009167
0.003061,0.007154,0.005001
0.005141,0.003480,0.007031
0.005473,0.004913,0.006595
0.004719,0.006320,0.006644
0.005428,0.003412,0.004766
0.004305,0.001719,0.009177
0.000851,0.002160,-0.003511
-0.001020,0.001907,-0.004518
0.000743,0.001985,-0.004079
0.000130,0.000660,-0.005753
0.000087,0.001127,-0.002064
0.002586,0.003163,-0.001536
0.002359,0.003331,-0.003921
-0.001325,0.002760,-0.002824
0.000577,0.002837,-0.004849
0.001311,0.003485,-0.003007
0.001602,0.003135,-0.001196
0.000033,0.004580,-0.001933
0.000177,0.003460,-0.000842
0.001309,0.001864,-0.005362
0.000745,0.003364,-0.004176
0.002501,0.003460,-0.007135
-0.004851,0.004670,-0.009418
-0.006664,0.000953,-0.005831
-0.007421,-0.000094,-0.009103
-0.009636,0.001721,-0.008761
-0.004896,0.003533,-0.006352
-0.006360,0.003309,-0.008480
-0.007085,0.004467,-0.005826
-0.007326,0.002953,-0.007050
-0.005338,0.004432,-0.009201
-0.004067,0.002138,-0.007517
-0.007903,0.000772,-0.007631
-0.006586,0.001776,-0.009221
-0.010460,0.002854,-0.007216
-0.008744,0.000614,-0.009809
-0.006871,0.000793,-0.007497
-0.005722,0.002143,-0.008840
0.000925,-0.008926,0.013087
0.000231,-0.008685,0.009985
0.001371,-0.009453,0.010699
0.000790,-0.009603,0.009406
0.000876,-0.008149,0.011004
-0.001267,-0.006788,0.008871
-0.001881,-0.007917,0.013429
0.002186,-0.010741,0.010825
-0.000741,-0.007485,0.012485
0.002205,-0.010328,0.011998
0.000153,-0.006422,0.010363
0.001634,-0.009702,0.008950
-0.001631,-0.008841,0.013151
0.000939,-0.009474,0.008569
0.002658,-0.008352,0.009691
0.000635,-0.010518,0.010818
-0.001450,-0.000667,0.007324
0.000622,-0.004999,0.007811
-0.001870,-0.004102,0.007254
-0.003255,-0.003777,0.006039
0.001594,-0.004011,0.009848
-0.001983,-0.001419,0.007005
-0.003581,-0.005245,0.009858
-0.004635,-0.003027,0.007227
-0.003622,-0.001665,0.007269
-0.004175,-0.003765,0.009486
-0.003020,-0.005730,0.004860
-0.003571,-0.005818,0.007444
-0.004427,-0.005697,0.008190
-0.001154,-0.003179,0.007538
-0.002383,-0.005383,0.007437
-0.001005,-0.003166,0.003356
0.002718,-0.004982,-0.006706
0.003787,-0.005806,-0.009752
0.004096,-0.007355,-0.006008
0.000859,-0.008718,-0.008785
0.001482,-0.005942,-0.007101
-0.001495,-0.004344,-0.008384
0.000966,-0.003170,-0.004456
0.001132,-0.002614,-0.007183
0.001357,-0.005870,-0.008945
0.000409,-0.005761,-0.006944
0.001674,-0.007085,-0.008016
0.002359,-0.004645,-0.009640
0.001435,-0.003778,-0.005245
0.002290,-0.004580,-0.008918
0.002011,-0.006501,-0.007753
0.002105,-0.005302,-0.010376
0.006464,-0.004574,-0.011556
0.001281,-0.006252,-0.009753
0.003057,-0.005356,-0.008707
0.001592,-0.005924,-0.012718
0.003690,-0.006775,-0.007372
0.004369,-0.007998,-0.010818
0.002214,-0.004300,-0.007695
0.001610,-0.006896,-0.009083
0.003447,-0.005477,-0.009603
0.004808,-0.009199,-0.009985
0.002282,-0.006021,-0.009796
0.003898,-0.005344,-0.010097
0.002946,-0.006105,-0.006189
0.005034,-0.006995,-0.010246
0.005348,-0.009598,-0.009023
0.003424,-0.006605,-0.011135
-0.004469,0.005468,0.004782
-0.004835,0.002294,0.001483
-0.005922,0.002218,0.001784
-0.006814,0.001594,0.002332
-0.002902,0.003814,0.003233
-0.003699,0.003361,0.000229
-0.005836,0.006185,0.006694
-0.006576,0.002429,0.001459
-0.005184,0.005205,0.001939
-0.005939,0.004363,0.004992
-0.009419,0.002520,0.001838
-0.006061,0.005121,0.002471
-0.005180,0.004103,0.002445
-0.006024,0.001484,0.002949
-0.003032,0.003876,0.002419
-0.004820,0.002924,0.003386
0.005400,0.007743,0.000495
0.002657,0.008057,-0.000835
0.004984,0.006855,-0.001551
0.003629,0.008048,-0.002598
0.004175,0.007760,-0.000719
0.004343,0.009430,-0.001515
0.002528,0.007815,0.001345
-0.001564,0.008759,-0.001643
0.000083,0.011189,-0.000875
0.004824,0.010194,-0.000168
0.002243,0.006814,0.001383
0.001596,0.010145,-0.000702
-0.000106,0.009598,0.000958
0.002582,0.007748,-0.000202
0.004768,0.007281,-0.001800
0.003395,0.007791,-0.001924
0.001402,-0.011333,0.004454
0.001374,-0.007479,0.003460
0.003414,-0.010363,0.004282
0.004713,-0.007929,0.003543
0.002079,-0.006925,0.004440
0.002694,-0.008207,0.001704
0.002333,-0.008034,0.005042
0.003774,-0.010538,0.004095
0.000967,-0.008958,0.003902
0.002089,-0.009603,0.003117
0.001075,-0.006582,0.001390
0.001358,-0.011308,0.002573
0.000824,-0.008234,0.002311
0.003089,-0.006478,0.001466
0.003700,-0.008583,0.003218
0.002763,-0.008862,0.003580
0.004180,-0.007074,0.004709
0.001968,-0.007143,0.006314
0.002928,-0.009722,0.004882
0.000961,-0.005580,0.005268
0.000671,-0.006141,0.006274
0.000917,-0.004866,0.006076
0.003990,-0.003365,0.006011
0.000954,-0.004990,0.008264
0.002128,-0.003359,0.006012
0.003699,-0.004473,0.006905
0.004017,-0.006104,0.007359
0.004377,-0.005034,0.006278
0.001922,-0.005918,0.009033
0.004443,-0.008534,0.006748
0.001023,-0.007692,0.003322
0.004558,-0.004105,0.004778
-0.000021,0.002562,0.004506
-0.001954,0.002411,0.005772
-0.001469,0.004223,0.007294
-0.003883,0.000748,0.005240
-0.002869,0.004763,0.009160
-0.001647,0.006207,0.008464
-0.003643,0.006411,0.009478
-0.005101,0.005171,0.009550
-0.002055,0.003574,0.006536
-0.001180,0.003094,0.010331
-0.004218,0.003450,0.009125
-0.003086,0.004383,0.008777
-0.003420,0.003307,0.010550
-0.002378,0.003444,0.007566
-0.003048,0.002703,0.008030
-0.002653,0.004010,0.004409
-0.005472,0.004660,0.008353
-0.005206,0.004260,0.010172
-0.006825,0.005449,0.010777
-0.005917,0.004759,0.005447
-0.002960,0.003995,0.011088
-0.003535,0.006581,0.010041
-0.004423,0.006012,0.010564
-0.007572,0.001659,0.010491
-0.002928,0.005063,0.009466
-0.006031,0.003171,0.010773
-0.005039,0.004760,0.007180
-0.005252,0.004452,0.009904
-0.005099,0.005034,0.011668
-0.003776,0.004926,0.008041
-0.003856,0.006158,0.008855
-0.003705,0.003883,0.006267
-0.004955,0.000184,0.007271
-0.005163,0.000869,0.006940
-0.007161,0.002191,0.004232
-0.005240,0.002127,0.006908
-0.003756,0.000057,0.006490
-0.005317,0.001326,0.006086
-0.006878,0.001436,0.006761
-0.006031,0.003315,0.007003
-0.005715,0.004241,0.006043
-0.004232,0.000614,0.007814
-0.008924,0.001608,0.005777
-0.006172,0.004157,0.008483
-0.007258,0.000655,0.007217
-0.005078,-0.000460,0.006733
-0.003273,0.000869,0.007255
-0.006702,0.000572,0.006003
-0.001631,0.002205,0.008747
-0.001380,0.001377,0.007741
-0.000121,0.004219,0.007955
-0.003334,0.005671,0.006700
-0.002128,0.004557,0.008487
-0.000671,0.003658,0.005768
-0.003945,0.001965,0.008192
-0.003011,0.000603,0.004887
-0.004331,0.003829,0.004634
-0.002179,0.004390,0.008375
-0.004360,0.002409,0.003543
-0.002095,0.003034,0.007090
-0.003039,0.004091,0.006080
0.000927,0.003247,0.005613
-0.003309,0.004897,0.005575
-0.003297,0.002688,0.006393
-0.259629,0.013336,0.351965
-0.119230,0.019542,0.336743
-0.060978,0.061348,0.340457
-0.032445,0.025044,0.420935
-0.152253,-0.063921,0.371134
-0.224787,-0.023476,0.292526
-0.194634,-0.016140,0.348600
0.000009,-0.108944,0.402035
-0.063291,-0.042518,0.369920
-0.283460,0.002737,0.419466
-0.188510,0.084062,0.327222
-0.113742,0.031603,0.386261
-0.004516,0.020786,0.370386
-0.224629,0.041148,0.395528
-0.109463,0.052353,0.309619
-0.137728,-0.005132,0.420285
0.046750,-0.034809,0.012926
0.028825,-0.031905,0.016849
0.026626,-0.045184,0.005051
-0.054926,0.014565,-0.045972
0.011324,-0.017362,0.015590
0.042141,0.000786,-0.024042
0.135601,-0.003116,0.176797
-0.011545,0.001902,0.024575
0.005145,-0.014387,0.013738
0.134290,-0.001419,-0.049454
0.189460,0.006258,0.064601
0.091407,0.022646,0.051606
0.032080,0.019714,0.031187
0.057416,-0.012895,0.011354
0.053401,0.030663,-0.008603
0.081115,-0.081611,0.325550
0.004715,0.007246,0.005238
0.003960,0.006758,0.003719
0.002455,0.006407,0.005459
0.001268,0.007349,0.002513
0.002467,0.007923,0.005282
0.002117,0.005483,0.000075
0.000138,0.007773,0.003808
0.003923,0.006467,0.003729
0.003011,0.007827,0.002030
0.001707,0.003947,0.004370
0.000184,0.005935,0.002510
0.001054,0.007133,0.003992
0.001980,0.007985,0.003846
0.003466,0.005183,0.001379
0.000557,0.003767,0.003184
0.002718,0.007989,0.000123
0.002812,-0.003269,0.001422
0.000693,-0.004679,-0.000271
-0.000307,-0.002132,0.001364
-0.001880,-0.003508,-0.003225
0.001475,-0.004402,0.001740
0.000212,-0.001383,0.002186
-0.001298,-0.001298,0.000268
-0.000230,-0.005218,0.002505
-0.000608,-0.001521,-0.000796
-0.002001,-0.004931,0.001641
-0.000638,-0.002329,0.000311
0.000523,-0.003478,-0.003409
-0.003969,-0.002867,0.001131
-0.000950,-0.001164,0.001766
0.000318,-0.005424,-0.000686
-0.002104,-0.004086,-0.000858
0.004352,-0.004873,0.010049
0.004350,-0.006907,0.010165
0.004766,-0.008195,0.008553
-0.000038,-0.003997,0.009937
0.001420,-0.003859,0.010999
0.002484,-0.000777,0.011845
0.001802,-0.002108,0.012777
0.000323,-0.003496,0.012215
0.002220,-0.002899,0.009758
0.001949,-0.003886,0.011303
0.003216,-0.004308,0.010759
0.000070,-0.004636,0.008840
-0.001926,-0.003531,0.013246
0.003293,-0.005000,0.010100
0.002634,-0.004029,0.009852
0.006115,-0.003097,0.007407
-0.001134,-0.005019,0.002974
-0.002800,-0.004132,0.003856
-0.003056,-0.003021,0.003246
-0.002965,-0.003704,0.004051
-0.000989,-0.004926,0.004262
-0.001538,-0.005892,0.003032
-0.004184,-0.005007,0.003862
-0.004315,-0.005370,0.005034
-0.002455,-0.003902,0.003674
-0.003588,-0.005144,0.003747
-0.005547,-0.005480,0.000739
-0.002532,-0.002923,0.004218
-0.004016,-0.005087,0.004763
-0.002356,-0.006690,0.004004
-0.001443,-0.004064,0.001184
-0.001650,-0.005752,0.002639
-0.001421,-0.002034,0.001696
-0.002531,-0.001022,0.002994
-0.001984,-0.002774,0.003149
-0.003578,-0.003071,0.003143
-0.003619,-0.002621,0.004371
-0.002073,0.000087,-0.000677
-0.003092,-0.000404,0.000542
-0.003749,-0.003604,0.003200
-0.002919,-0.001330,0.003149
-0.000016,-0.002890,0.002675
-0.002137,-0.000262,0.002160
-0.005057,-0.000448,0.002964
-0.003213,-0.002139,0.002160
-0.001258,-0.004150,0.001600
0.000292,-0.002983,0.001284
-0.002498,-0.003171,0.003736
0.002221,-0.006784,0.006496
0.001886,-0.007661,0.005113
0.000230,-0.007124,0.006702
-0.001619,-0.006240,0.005391
0.003412,-0.004711,0.005552
0.001252,-0.006036,0.005976
-0.001924,-0.007640,0.005785
0.002043,-0.008890,0.003804
0.000777,-0.005205,0.003681
-0.000088,-0.007576,0.006116
-0.000175,-0.007243,0.004521
-0.002895,-0.008579,0.003879
0.001081,-0.007331,0.003889
0.001272,-0.008100,0.004374
-0.000522,-0.006339,0.005210
0.000133,-0.006231,0.004048
0.008775,0.001096,-0.008342
0.004946,-0.011549,-0.009815
0.023366,0.004057,-0.024474
-0.000859,-0.004568,-0.012767
0.005064,-0.007617,-0.014994
0.005481,0.002448,-0.013395
0.004003,-0.003965,-0.004100
-0.000332,-0.001966,-0.005725
0.004091,0.002794,-0.006092
0.003866,-0.005004,-0.008624
0.001535,-0.001613,-0.007693
-0.000308,-0.007502,-0.016553
0.000740,-0.005589,-0.009736
0.002009,-0.007922,-0.014481
0.005244,-0.007466,-0.009912
0.005762,-0.004383,-0.019416
0.282547,-0.171257,0.193017
0.372701,-0.043126,0.302728
0.519833,-0.111989,0.390402
0.511501,-0.340199,0.401477
0.516973,-0.447606,0.381476
0.484871,-0.252316,0.082110
0.450476,-0.492309,0.360355
0.475965,-0.750950,0.395531
0.535573,-0.625244,0.325194
0.376075,-0.347780,0.351092
0.495421,-0.096409,0.296828
0.497035,-0.225837,0.375127
0.507015,-0.600404,0.410148
0.429837,-0.135395,0.366956
0.477099,-0.233705,0.303908
0.417165,-0.649426,0.389405
0.002009,0.010976,0.001494
0.001427,0.006212,-0.000497
0.001121,0.008286,0.000978
-0.002390,0.005902,-0.002049
0.001340,0.004263,0.001166
-0.001705,0.007500,0.001239
-0.002561,0.006996,0.002615
0.000081,0.007201,0.001113
0.000355,0.008903,0.001823
0.001915,0.007785,0.000730
-0.000880,0.011347,0.002211
0.000253,0.007791,0.002552
-0.000481,0.005571,0.003605
0.003708,0.002687,0.000762
-0.000555,0.005961,-0.000996
-0.000194,0.010073,-0.002094
-0.008028,0.000407,0.001049
-0.007298,-0.000185,0.001512
-0.009535,0.001337,0.004188
-0.007606,-0.001613,0.002982
-0.009108,0.001078,0.003263
-0.009106,0.003036,0.002354
-0.007255,0.000915,0.001705
-0.006374,0.000653,0.002240
-0.009454,0.004379,0.003526
-0.007852,0.001305,0.002835
-0.011007,0.001091,-0.001062
-0.009173,-0.001720,0.001586
-0.007727,0.001119,0.002883
-0.007553,0.001357,0.001197
-0.007526,-0.002404,0.001272
-0.009633,-0.000198,0.000756
0.001514,0.003925,0.005679
0.000012,0.002275,0.004593
-0.000152,0.000446,0.003819
-0.001104,0.001015,0.002365
0.001397,0.001289,0.008197
-0.001869,-0.001568,0.004561
-0.000765,0.001720,0.006056
-0.001721,0.001466,0.003749
-0.002119,0.005319,0.001597
-0.001824,0.002207,0.006090
-0.001209,0.003795,0.004453
-0.000103,0.002850,0.005689
0.001288,0.002176,0.005939
0.000156,0.001319,0.005856
0.000710,0.003811,0.003161
-0.000505,0.004152,0.003022
0.001515,0.000163,-0.005171
-0.000307,0.002438,-0.007132
-0.000381,0.003955,-0.003690
0.001345,0.000536,-0.005341
-0.000057,0.001452,-0.004561
0.000624,0.001644,-0.009565
-0.001039,-0.000370,-0.006880
-0.000065,0.002662,-0.007764
-0.002379,0.002922,-0.007367
0.001891,0.003417,-0.003390
-0.004421,0.003306,-0.011085
-0.000336,0.002324,-0.005862
-0.001124,0.001835,-0.008287
0.002400,0.003817,-0.008881
-0.001330,0.002617,-0.006552
-0.002325,0.000209,-0.006251
-0.258260,0.038788,-0.355322
-0.187038,0.039379,-0.366892
-0.128584,0.072625,-0.332505
-0.096795,0.035836,-0.318158
-0.142659,0.020317,-0.261602
-0.228873,0.033346,-0.439975
-0.148132,0.028386,-0.320305
-0.059646,0.020992,-0.337516
-0.155258,0.026632,-0.373876
-0.225349,0.010638,-0.323404
-0.102959,0.066543,-0.421273
-0.065645,0.056159,-0.277407
-0.117821,0.050192,-0.223144
-0.189901,0.053197,-0.267490
-0.172934,0.056095,-0.421640
-0.183809,0.023549,-0.200698
-0.356361,-0.288486,-0.371281
-0.347988,-0.046442,-0.377541
-0.228216,-0.081252,-0.396950
-0.298955,-0.203371,-0.326523
-0.325601,-0.169639,-0.212047
-0.420534,-0.501869,-0.367146
-0.332616,-0.389731,-0.349764
-0.263402,-0.260030,-0.388763
-0.327607,-0.370615,-0.395386
-0.334663,-0.122505,-0.300467
-0.313712,-0.077263,-0.397085
-0.277376,-0.035575,-0.362636
-0.140835,-0.137884,-0.386976
-0.279590,-0.125610,-0.366771
-0.325212,-0.183351,-0.386546
-0.202009,-0.135492,-0.305712
0.001262,-0.002967,0.004147
-0.000792,-0.002629,0.003864
-0.000953,-0.002255,0.003664
0.000274,-0.002495,0.002251
-0.001492,-0.002849,0.004011
-0.003940,-0.003149,0.001516
-0.000029,-0.001661,0.005044
0.001302,0.000323,0.004789
0.001040,-0.001130,0.002600
0.001306,-0.004683,0.003322
-0.001582,-0.001968,0.002202
-0.000425,-0.003213,0.003161
-0.000274,-0.001767,0.006126
0.000646,-0.005345,0.003776
0.000412,-0.006298,0.003025
0.001114,-0.002905,0.004728
0.003568,-0.003902,0.002713
0.002412,-0.002663,0.001682
0.002180,-0.005140,0.003866
0.002496,-0.002434,0.001749
0.004490,-0.004937,-0.000407
0.006253,-0.003104,0.001928
0.004856,-0.002631,0.002690
0.002329,-0.003838,0.004755
0.004155,-0.003363,0.001913
0.004245,-0.003598,0.001906
0.000586,-0.005766,0.003704
0.002777,-0.003451,0.003452
0.001657,-0.004233,0.004464
0.002699,-0.003807,0.000568
0.001716,-0.005532,0.002736
0.005133,-0.002335,-0.000800
-0.002039,-0.006139,0.006015
-0.003759,-0.007425,0.003444
-0.002559,-0.007321,0.004536
-0.003082,-0.008468,0.002543
-0.002147,-0.008732,0.004895
-0.002805,-0.004852,0.003547
-0.003493,-0.009309,0.005868
-0.004412,-0.008192,0.004830
-0.008360,-0.007570,0.005159
-0.004194,-0.005434,0.004568
-0.006167,-0.007736,0.004386
-0.003109,-0.010015,0.004515
-0.005992,-0.007037,0.004859
-0.001959,-0.006923,0.003158
-0.002635,-0.007406,0.004331
-0.004429,-0.007750,0.002719
-0.006702,-0.000003,0.005363
-0.009920,-0.000906,0.003211
-0.005268,0.000565,0.003461
-0.007283,-0.000047,0.002468
-0.008527,-0.000687,0.002836
-0.005659,-0.000617,-0.000231
-0.008981,0.001223,0.002355
-0.008425,-0.000942,0.001909
-0.009611,0.003001,0.002043
-0.007358,-0.001898,0.004294
-0.009495,-0.000286,0.001207
-0.011154,0.001109,0.003225
-0.009294,0.000986,0.003157
-0.007503,-0.000431,0.002167
-0.006813,-0.001077,0.002933
-0.008090,-0.000848,0.003018
-0.005334,-0.006035,0.005058
-0.006097,-0.007058,0.002505
-0.009029,-0.007926,0.003366
-0.010931,-0.008813,0.004554
-0.007468,-0.009630,0.005123
-0.008072,-0.006490,0.006779
-0.006560,-0.005737,0.008448
-0.007081,-0.009337,0.006444
-0.006375,-0.009067,0.007245
-0.007066,-0.007837,0.004339
-0.007564,-0.007126,0.006799
-0.010269,-0.005324,0.003845
-0.006845,-0.010037,0.006009
-0.005939,-0.009681,0.005618
-0.007739,-0.007286,0.008692
-0.008511,-0.006532,0.004799
0.000469,-0.011693,0.000140
-0.001699,-0.012226,0.002881
-0.000031,-0.013682,0.001961
-0.000659,-0.011734,0.000590
0.000738,-0.014157,0.001598
0.000110,-0.009504,0.001607
-0.001791,-0.010661,0.002513
-0.003333,-0.010686,0.002099
-0.002979,-0.009793,0.002996
0.000457,-0.012195,0.001939
-0.005359,-0.011142,0.001152
-0.003138,-0.012639,0.001593
-0.003809,-0.010989,0.003272
0.000162,-0.012053,0.000368
-0.002114,-0.011834,0.002158
0.000527,-0.012833,-0.000250
-0.099869,0.019398,-0.151017
-0.011052,0.004591,-0.244573
0.032197,0.028641,-0.062701
0.137978,-0.008484,-0.033775
0.046403,-0.002188,-0.015535
-0.032977,-0.035743,-0.196149
0.029738,-0.020747,-0.188660
0.175113,-0.061711,-0.095730
0.134066,-0.025847,-0.238110
-0.090069,-0.013758,-0.081616
0.051033,0.005797,-0.263266
-0.005847,0.009132,-0.108846
0.154193,-0.009589,-0.188907
-0.045784,0.013226,-0.063360
-0.025187,0.036231,-0.174420
0.058358,-0.044054,-0.114488
0.300179,0.032515,-0.355398
0.368263,0.094055,-0.389552
0.480329,0.032832,-0.330163
0.505250,0.017437,-0.201485
0.337255,0.007695,-0.238898
0.224692,-0.008210,-0.299547
0.338091,0.003344,-0.326995
0.515608,-0.007386,-0.282585
0.431274,0.013997,-0.339900
0.269902,0.028340,-0.254982
0.503382,0.000516,-0.388030
0.402648,0.013043,-0.246083
0.517179,-0.028493,-0.173010
0.360852,0.022527,-0.164171
0.396417,0.007591,-0.370023
0.441193,0.013394,-0.173644
-0.005334,0.002903,0.010224
-0.005179,0.003239,0.008202
-0.003934,0.000700,0.008848
-0.004904,0.001329,0.005712
-0.003691,0.001626,0.007905
-0.005405,0.005018,0.008425
-0.005165,0.002432,0.007215
-0.005673,0.001413,0.009592
-0.006767,0.002817,0.008529
-0.006463,0.002441,0.009504
-0.008560,0.002908,0.009318
-0.003005,0.001686,0.008893
-0.006883,0.000663,0.011619
-0.003477,0.002512,0.008333
-0.005417,0.002316,0.008960
-0.003448,0.001777,0.009804
0.000186,0.003141,0.006934
-0.002495,0.004449,0.005596
-0.003932,0.003509,0.008571
-0.002058,0.005052,0.007943
-0.004037,0.004123,0.005041
-0.002897,0.001890,0.006259
-0.003518,0.004666,0.010054
-0.003700,0.005391,0.010869
-0.003705,0.003686,0.005636
-0.004239,0.002610,0.010025
-0.003316,0.002369,0.006786
-0.003197,0.003523,0.007001
-0.000109,0.005776,0.009289
-0.001517,0.003917,0.008830
-0.006731,0.002439,0.006594
-0.003170,0.004961,0.006431
-0.001797,0.009582,0.007648
-0.002779,0.007420,0.005195
-0.001163,0.006324,0.004456
-0.003466,0.005707,0.004121
-0.000907,0.007261,0.004937
-0.000491,0.006953,0.003246
-0.002700,0.007966,0.005550
-0.001477,0.008154,0.008180
-0.002134,0.009684,0.003365
-0.000226,0.006405,0.007987
-0.002141,0.010506,0.007535
-0.001619,0.010511,0.006001
-0.001937,0.006524,0.007174
-0.000222,0.006161,0.005315
-0.002065,0.005772,0.004576
0.000120,0.007466,0.003515
0.004862,-0.005089,0.009851
0.002385,-0.005227,0.009786
0.000939,-0.001807,0.010305
0.001529,-0.005109,0.009845
0.003833,-0.002574,0.008474
0.002187,-0.003120,0.009099
0.000860,-0.002039,0.011465
0.000043,-0.005084,0.009471
0.000385,-0.004856,0.010496
0.002472,-0.005771,0.011162
0.000856,-0.002838,0.008367
0.000063,-0.005369,0.008248
-0.001142,-0.003572,0.012643
0.000754,-0.004050,0.010692
0.003287,-0.006227,0.009263
0.000683,-0.002372,0.009081
0.003054,0.007695,-0.002737
-0.000153,0.003931,-0.003159
-0.002657,0.000427,-0.001275
-0.005296,0.001604,-0.009586
-0.000709,0.002556,-0.002411
-0.000144,0.002253,-0.008633
-0.005678,0.005705,-0.001870
-0.001935,0.005560,-0.004132
-0.002281,0.003270,-0.005156
0.001435,0.002430,-0.005510
-0.004051,0.004036,-0.004389
-0.000398,0.007023,-0.005900
-0.002920,0.006167,-0.007730
0.000438,0.003515,-0.007297
-0.000135,0.001380,-0.006528
0.001755,0.004914,-0.008487
-0.002978,0.000039,-0.004619
-0.002079,0.002139,-0.008855
-0.006429,0.002030,-0.006689
-0.007141,0.001156,-0.009573
-0.003706,0.002940,-0.007666
-0.004963,0.001252,-0.010332
-0.006990,0.003437,-0.008145
-0.004575,-0.001507,-0.006611
-0.005598,0.001845,-0.008672
-0.004749,-0.001475,-0.006982
-0.006581,0.000909,-0.006012
-0.006385,0.003259,-0.008657
-0.006972,0.001241,-0.005776
-0.004246,0.001106,-0.009330
-0.003159,0.001319,-0.007310
-0.005932,0.002565,-0.008970
-0.007665,0.003807,0.001271
-0.007251,0.003271,0.002371
-0.010527,0.003204,0.001303
-0.007511,0.001827,0.000301
-0.008783,0.006376,0.002960
-0.007956,0.003228,0.001375
-0.007463,0.003868,0.003161
-0.008008,0.003551,-0.002047
-0.009666,0.004326,0.004060
-0.008077,0.003382,0.000682
-0.010664,0.003022,0.000564
-0.010304,0.002726,0.000652
-0.010645,0.003156,0.003584
-0.007156,0.002858,0.002117
-0.006896,0.003008,0.000724
-0.010159,0.003740,0.001742
-0.000948,0.007207,0.003193
-0.002341,0.004939,0.005408
-0.002921,0.008566,0.004526
-0.002460,0.008412,0.004553
-0.000265,0.005201,0.005129
-0.001646,0.009992,0.005823
-0.003749,0.007073,0.003779
-0.006047,0.006682,0.003991
-0.003843,0.006135,0.004674
-0.000614,0.007892,0.003144
-0.005803,0.009664,0.002895
-0.002883,0.005301,0.003443
-0.005807,0.005828,0.002300
-0.000569,0.006033,0.001224
-0.001467,0.005888,0.003720
-0.002981,0.003758,0.003959
0.005089,-0.001209,0.004341
0.004969,-0.003329,0.005835
0.003403,-0.001967,0.005276
0.004019,-0.000024,0.003909
0.007674,-0.000084,0.005855
0.005250,-0.000584,0.005618
0.004204,-0.001260,0.006005
0.003819,0.000908,0.004944
0.001554,0.000334,0.005723
0.004644,0.000702,0.005807
0.001603,-0.002755,0.004927
0.003955,-0.002072,0.004987
0.001603,-0.000523,0.004729
0.005362,-0.001444,0.007640
0.003782,-0.002560,0.006037
0.005023,-0.000553,0.001463
0.000769,-0.002068,0.014823
-0.002149,-0.001764,0.012413
-0.000713,-0.001901,0.015503
0.000394,-0.003393,0.010484
0.000216,-0.003219,0.012450
0.001210,-0.000583,0.012300
-0.003014,0.000798,0.012493
-0.002779,-0.000930,0.014441
-0.003647,0.000622,0.012445
-0.000529,-0.001601,0.014551
-0.003366,-0.002211,0.015287
-0.000138,-0.003929,0.011720
-0.004549,-0.001287,0.014030
-0.000175,-0.001467,0.010310
-0.002930,-0.005589,0.010992
-0.001255,-0.002625,0.009700
0.008258,-0.003758,-0.003478
0.008402,-0.006019,-0.002026
0.007291,-0.005360,-0.005315
0.003509,-0.004448,-0.006597
0.008196,-0.003902,-0.005286
0.004819,-0.005501,-0.003623
0.004002,-0.003983,-0.004085
0.005524,-0.005025,-0.004292
0.002536,-0.002635,-0.003571
0.005738,-0.003808,-0.005222
0.005818,-0.006454,-0.004383
0.004361,-0.004766,-0.004230
0.003021,-0.005122,-0.002023
0.004876,-0.007660,-0.004264
0.008264,-0.006591,-0.002191
0.005379,-0.007129,-0.003125
0.002205,-0.000211,0.001862
0.001418,-0.002235,0.003463
0.004819,0.001598,0.001858
0.003873,-0.001057,0.000808
0.003557,-0.000135,0.003553
0.001817,-0.000427,0.000231
0.001350,-0.000498,0.003434
0.003189,0.000083,0.003486
0.002517,0.000736,0.001961
0.001717,0.000902,0.004281
0.001753,0.001932,0.000588
0.001886,-0.000294,0.001458
0.001938,0.000678,0.003748
0.005066,-0.000157,0.001187
0.003239,-0.001449,0.001259
0.002670,0.000156,-0.001342
-0.002163,-0.003546,-0.001798
-0.004155,-0.004842,-0.001728
-0.003245,-0.002815,-0.003978
-0.004768,-0.002561,-0.003313
-0.003973,-0.001655,-0.001505
-0.005182,0.001356,0.000133
-0.003980,-0.001052,0.000189
-0.005600,-0.002113,-0.002618
-0.007171,0.000014,-0.000884
-0.006399,-0.001404,-0.001886
-0.004891,-0.000090,-0.003806
-0.004388,-0.004420,-0.003388
-0.007391,-0.003498,0.001693
-0.004067,-0.000357,-0.002358
-0.003506,0.000053,-0.003821
-0.003489,-0.003791,-0.002903
-0.001019,-0.000217,-0.003168
-0.000332,-0.004594,-0.002992
-0.001913,-0.002710,-0.006742
-0.003340,-0.001783,-0.004602
-0.000035,-0.004617,-0.002602
-0.002620,-0.000652,-0.003060
-0.002502,0.001319,-0.003042
-0.000802,-0.001573,-0.004870
0.000525,0.001191,-0.004861
-0.000091,-0.003425,-0.003936
-0.002913,-0.001985,-0.004364
-0.001914,-0.002189,-0.005586
-0.000838,-0.002089,-0.005143
-0.000312,-0.003497,-0.005576
0.000205,-0.004503,-0.005039
0.000396,-0.000773,-0.006179
-0.004636,-0.002177,0.002806
-0.003516,-0.005266,0.003170
-0.006550,-0.004269,0.006355
-0.008245,-0.004901,0.000555
-0.003923,-0.003564,0.003244
-0.005184,-0.003398,0.004054
-0.006491,-0.004455,0.006062
-0.005307,-0.005852,0.003782
-0.005433,-0.003890,0.004151
-0.006237,-0.004762,0.003274
-0.009170,-0.002119,0.005273
-0.008245,-0.003782,0.002964
-0.006113,-0.005895,0.002637
-0.005394,-0.003959,0.001130
-0.006757,-0.003344,0.003760
-0.004893,-0.004363,0.000725
-0.004309,-0.004119,0.006805
-0.006884,-0.007294,0.005309
-0.006666,-0.005981,0.005992
-0.007127,-0.006405,0.004867
-0.006795,-0.008432,0.008218
-0.006372,-0.002334,0.006212
-0.008362,-0.005218,0.007689
-0.005675,-0.007217,0.006967
-0.008543,-0.004060,0.005333
-0.006247,-0.006431,0.004755
-0.009038,-0.005516,0.005634
-0.008639,-0.005760,0.005104
-0.008968,-0.004874,0.006613
-0.005569,-0.007003,0.004677
-0.003854,-0.004811,0.006100
-0.005947,-0.006836,0.004871
-0.290221,-0.091839,-0.079261
-0.176088,-0.032899,-0.190155
-0.111263,-0.050158,-0.132869
-0.182623,-0.034841,0.067365
-0.245441,-0.029999,0.147043
-0.266353,-0.040237,-0.187780
-0.226549,-0.021915,-0.014316
-0.168596,-0.113953,-0.112244
-0.219225,-0.039154,-0.140371
-0.272707,-0.050387,0.042492
-0.248713,-0.032714,-0.275170
-0.186859,-0.088929,-0.030003
-0.161765,-0.024894,-0.068835
-0.227481,-0.022254,-0.108313
-0.188049,-0.060310,-0.217822
-0.153641,-0.027754,0.008297
-0.004135,-0.016269,0.000806
-0.005201,-0.017065,0.007948
-0.008303,-0.022049,0.005109
-0.004789,-0.020843,0.006326
0.001808,-0.019461,0.002658
-0.006025,-0.022922,0.007714
-0.000878,-0.018944,0.014515
-0.003989,-0.020053,0.006475
-0.004935,-0.019832,0.010540
-0.008789,-0.021180,0.007736
0.000712,-0.020834,-0.003723
-0.008158,-0.028171,0.002481
-0.006717,-0.025075,0.007379
-0.003090,-0.022769,0.000001
-0.000536,-0.018476,0.006914
0.005380,-0.023065,0.002776
-0.004643,0.001191,0.001072
-0.007134,-0.000569,0.001898
-0.010101,0.000814,0.002328
-0.006943,0.001290,0.003226
-0.004823,-0.000379,-0.000369
-0.007930,0.000942,0.000189
-0.006662,-0.002185,0.002707
-0.006932,0.001109,0.000549
-0.009628,0.001818,0.003683
-0.008842,-0.000415,0.004733
-0.008541,-0.001076,-0.000364
-0.007825,-0.002921,0.002489
-0.008542,0.000331,-0.000406
-0.006325,0.001898,0.001259
-0.006722,-0.000503,0.001236
-0.007822,-0.000963,0.002177
-0.004136,-0.001276,0.003354
-0.008884,-0.002576,0.003829
-0.008839,-0.004834,-0.000581
-0.012732,0.000589,0.001825
-0.007036,-0.003522,-0.000966
-0.008232,-0.000207,0.001252
-0.005974,-0.001436,0.002672
-0.011439,0.000787,0.001322
-0.008936,0.000609,0.006477
-0.007593,-0.001193,0.004708
-0.009776,0.000059,0.003227
-0.008602,-0.001552,0.002399
-0.010637,-0.000336,0.002380
-0.007557,-0.000174,0.003285
-0.007626,-0.001991,0.005805
-0.004679,-0.001251,-0.000801
0.005299,0.001319,0.009265
0.001682,0.000239,0.006173
0.001970,-0.000498,0.007484
0.002530,-0.001605,0.006970
0.005072,-0.003123,0.008418
0.003620,0.001004,0.007190
0.001829,0.002300,0.007497
0.000121,0.000757,0.009253
0.000617,0.001424,0.008473
0.003815,0.000385,0.009158
-0.000781,0.001247,0.009050
0.001010,-0.000205,0.006281
0.000109,-0.000297,0.006504
0.001014,0.001862,0.008582
0.004442,-0.000990,0.007550
0.002049,-0.000650,0.007479
0.007861,0.003777,-0.002198
0.006512,0.002733,0.000294
0.003793,0.002333,-0.000515
0.004519,0.003385,-0.001902
0.004163,0.003766,-0.002688
0.002571,0.001507,-0.000598
0.004421,0.004885,0.003536
0.006383,0.001965,0.000259
0.005082,0.002200,0.000655
0.005019,0.000108,-0.000754
0.003998,0.003488,0.000457
0.002824,0.004294,0.000942
0.003826,0.002577,0.001892
0.007440,-0.001119,-0.000200
0.005239,0.001499,-0.000870
0.005919,0.000849,-0.001557
-0.260146,-0.063694,0.256959
-0.279380,-0.082367,0.134485
-0.317022,-0.074211,0.338482
-0.312971,-0.115896,0.286448
-0.181816,-0.104937,0.216735
-0.195968,-0.112735,0.054443
-0.200526,-0.043503,0.208616
-0.067429,-0.112667,0.306142
-0.035752,-0.081602,0.086319
-0.192581,-0.146650,0.342943
-0.196326,-0.054462,0.304801
-0.132457,-0.038012,0.270298
-0.039467,-0.049550,0.227961
-0.248226,-0.098155,0.357992
-0.108944,-0.064794,0.105431
-0.291972,-0.194754,0.367650
-0.402951,-0.484877,0.397825
-0.326016,-0.267063,0.381558
-0.299902,-0.338641,0.414430
-0.328677,-0.534905,0.378189
-0.325888,-0.665217,0.444957
-0.386178,-0.523507,0.274430
-0.369794,-0.624521,0.390313
-0.277865,-0.740931,0.398057
-0.246603,-0.591974,0.348200
-0.384950,-0.578476,0.450224
-0.201770,-0.382337,0.408259
-0.378564,-0.366215,0.410867
-0.171358,-0.573980,0.431273
-0.295445,-0.450948,0.399847
-0.309975,-0.384808,0.360559
-0.388658,-0.739000,0.401582
-0.004274,0.003829,-0.001227
-0.004514,0.001070,-0.003383
-0.004904,0.002441,-0.002442
-0.009487,0.002595,-0.002911
-0.007920,0.001844,-0.004947
-0.004353,0.002746,-0.002058
-0.004086,0.002351,-0.000772
-0.006692,0.003608,-0.003164
-0.004092,0.003288,-0.001019
-0.003787,0.003062,-0.001426
-0.004257,0.003013,-0.000597
-0.006251,0.002593,-0.000615
-0.007422,0.002920,-0.000109
-0.003612,-0.000259,-0.004572
-0.002173,0.001564,-0.000645
-0.005274,0.002700,-0.003427
-0.006190,0.005802,0.004438
-0.007048,0.004508,0.004857
-0.006442,0.006720,0.004242
-0.005816,0.005832,0.004317
-0.003337,0.005085,0.008272
-0.007319,0.007643,0.007742
-0.007985,0.005495,0.005919
-0.006653,0.006980,0.008450
-0.006053,0.007153,0.005491
-0.006617,0.006640,0.007777
-0.008591,0.004016,0.002299
-0.005908,0.003884,0.004502
-0.006780,0.004897,0.006986
-0.006602,0.003670,0.004316
-0.004673,0.002871,0.007516
-0.004512,0.007188,0.004805
-0.001970,0.003908,-0.002167
-0.007033,0.002676,0.003128
-0.008336,0.003192,-0.001388
-0.000578,0.000925,0.001408
-0.005872,0.000803,0.001072
-0.002737,-0.000397,0.002510
-0.003678,0.005426,0.001510
-0.005364,0.001212,0.002030
-0.005032,0.006762,0.000553
-0.003166,0.001294,0.003803
-0.009274,0.002500,-0.003429
-0.006938,0.000193,0.001465
-0.006864,0.001589,0.003249
-0.005858,0.003543,0.000404
-0.004082,-0.000279,0.003285
-0.001382,0.002173,0.000598
-0.335340,-0.587500,-0.422015
0.415662,-0.405498,-0.389523
0.221486,-0.322456,-0.379620
-0.204877,-0.623193,-0.395838
-0.101874,-0.414882,-0.406695
-0.348065,-0.751775,-0.405363
-0.298017,-0.682934,-0.355821
0.464220,-0.760592,-0.377706
0.334493,-0.636169,-0.401244
-0.276015,-0.414225,-0.353117
0.492411,-0.624544,-0.393856
-0.139845,-0.160044,-0.122101
0.445503,-0.557145,-0.377900
-0.291009,-0.537091,-0.347842
-0.106841,-0.239231,-0.328619
0.072457,-0.268581,-0.032353
-0.112772,-0.050430,-0.256297
-0.135712,-0.062815,-0.325459
0.146265,-0.096606,-0.325630
0.142651,-0.083334,-0.058749
0.061543,-0.035038,-0.144360
-0.032083,-0.060590,-0.314494
0.009428,-0.024368,-0.239612
0.093077,-0.080990,-0.174761
0.052532,-0.067586,-0.281165
-0.076326,-0.082234,-0.193916
-0.214872,-0.010856,-0.422272
0.151357,-0.002168,-0.164784
0.202690,-0.036584,-0.211908
0.120385,-0.031959,-0.248320
0.068678,-0.105081,-0.380833
0.228669,-0.021707,-0.092212
-0.276330,0.024670,-0.432781
0.001756,0.045010,-0.455789
0.111541,0.096280,-0.421892
0.100224,0.013932,-0.353900
-0.082126,-0.015544,-0.361799
-0.073451,-0.059505,-0.408610
-0.024961,-0.021126,-0.401755
0.300761,-0.031191,-0.421845
0.107855,-0.013363,-0.465484
-0.210196,-0.001185,-0.376630
0.213135,0.041247,-0.476864
0.010131,0.036709,-0.352684
0.203309,-0.005044,-0.399243
-0.135218,0.040625,-0.415283
-0.069495,0.012049,-0.459507
0.070929,-0.011884,-0.378298
