0.001158,0.006363,-0.001737
0.002256,0.008407,-0.001090
-0.000457,0.006699,-0.001765
-0.000411,0.009211,0.000030
0.002998,0.008972,-0.001825
0.000816,0.010234,-0.002806
-0.000264,0.007867,-0.002145
0.002168,0.011581,-0.001127
0.004827,0.007018,-0.002426
0.004506,0.008854,-0.003690
0.001755,0.010165,-0.002484
0.000785,0.008783,-0.000587
-0.000836,0.010090,-0.001463
0.003311,0.009276,-0.000101
0.000063,0.005889,-0.000267
0.002346,0.006925,-0.000386
0.004239,0.011538,-0.002522
0.005255,0.008258,-0.001887
0.003053,0.008419,-0.000772
0.004212,0.010680,-0.004789
0.005205,0.005457,-0.003768
0.005036,0.014560,-0.000756
0.003332,0.009335,-0.002989
0.002253,0.007189,-0.003292
0.006607,0.006314,-0.000111
0.003943,0.011179,-0.002587
0.004971,0.010215,0.000857
0.004001,0.008656,-0.001767
0.004584,0.011730,-0.001969
0.003538,0.007948,-0.000672
0.005480,0.009441,0.001345
0.006377,0.009250,-0.002110
-0.002203,0.002312,-0.002560
0.001516,0.000756,-0.003300
-0.003773,0.000371,-0.003957
-0.001868,0.000279,-0.000704
-0.003341,0.002213,-0.003554
0.001437,0.006552,-0.006685
-0.003425,0.004396,-0.001869
-0.000907,0.003057,-0.005662
-0.002465,0.000023,-0.002359
-0.001389,0.006415,-0.008594
0.001230,0.002550,-0.006011
-0.002097,0.002589,-0.002482
0.000106,0.001073,-0.002134
0.000695,0.004902,-0.002826
-0.001074,0.001423,-0.003511
0.001742,0.001110,-0.000958
-0.002882,0.000034,-0.000434
-0.002999,0.000694,-0.001195
-0.002213,0.002700,-0.000606
-0.001848,0.001353,0.000567
-0.003190,-0.003629,0.001837
-0.001810,0.002654,-0.000999
-0.003165,0.000990,0.000076
0.000104,-0.002537,-0.000165
-0.002519,0.001847,0.000620
-0.002279,0.001594,-0.003476
0.001832,0.003201,-0.001830
-0.001650,-0.000025,0.000119
0.002746,0.002771,-0.002480
0.000931,-0.000627,-0.003130
-0.000877,-0.000085,-0.001165
0.001464,-0.002278,-0.000077
0.001361,-0.001480,0.002408
0.001753,-0.003317,0.001674
0.001834,-0.004038,0.002204
0.003805,0.000323,0.003911
0.000440,-0.002498,0.001888
0.001029,0.001814,0.001860
-0.000388,-0.000316,0.003017
0.003346,-0.002375,0.003472
0.001109,-0.003247,0.006846
0.002987,0.001534,0.001615
0.002079,0.002677,0.002295
0.002218,0.001237,0.000866
0.004332,0.000341,0.000639
0.003802,0.001421,0.000852
0.001205,-0.003601,0.005438
0.007765,-0.004305,0.007162
0.001467,-0.001992,0.003397
0.005017,-0.004663,0.002063
0.004310,-0.005630,0.000712
0.003490,-0.002937,0.000743
0.004825,-0.003020,0.004734
0.005440,-0.002652,0.002944
0.003021,-0.002448,0.002403
0.002232,-0.003624,0.003620
0.003481,-0.006308,0.002782
0.004368,-0.000407,0.002802
0.004130,-0.002159,0.000325
0.003081,-0.002946,0.004930
0.002800,-0.002778,0.001961
0.002955,-0.005480,0.005286
0.006513,-0.003630,0.003625
0.005143,-0.001826,0.004419
-0.003096,0.001385,-0.002793
0.000636,-0.002545,-0.004160
-0.002320,-0.001501,-0.005123
-0.002485,0.000500,-0.005339
-0.001413,-0.001022,-0.002318
0.000152,0.003902,-0.003337
-0.003360,0.001527,-0.005180
-0.002635,0.001351,-0.002255
-0.001108,-0.001008,-0.003819
-0.001633,0.002544,-0.004774
0.000623,0.001562,-0.003661
-0.002128,0.002757,-0.003550
-0.002165,0.001955,-0.003024
-0.002617,0.001420,-0.002283
0.000346,-0.001623,-0.001492
0.000108,-0.000024,-0.001398
0.001154,0.001700,0.001986
0.001381,-0.001198,-0.000736
0.000038,-0.002599,-0.001632
-0.000412,0.001968,0.001043
-0.000417,-0.000736,0.002612
0.001165,0.002536,-0.000477
-0.000845,0.000041,-0.002414
-0.000306,0.000846,0.000854
-0.000842,-0.002585,0.000604
0.001734,0.000852,-0.001964
0.001741,-0.004295,0.000437
0.001845,-0.000262,0.003240
-0.001592,0.003286,-0.002321
-0.000970,-0.001118,0.001557
0.002411,0.001331,0.000913
0.001417,-0.000511,0.000336
-0.000611,-0.000853,0.000396
-0.000349,-0.005054,0.000466
0.000510,-0.002074,-0.000092
-0.001533,-0.004000,-0.000211
0.000097,-0.002595,0.001807
-0.001647,0.001734,0.000037
-0.004500,-0.001267,-0.002554
-0.000947,-0.002933,0.000370
-0.001537,-0.002228,0.000603
0.000036,-0.001753,-0.001585
0.003526,0.001035,-0.002141
-0.002830,-0.001572,-0.001185
-0.000029,-0.002234,0.000239
0.001091,-0.004487,0.001707
0.002199,0.002006,-0.001246
0.004969,-0.002773,-0.000323
0.004735,-0.002796,-0.000490
0.003701,-0.003178,0.001514
0.004634,-0.002335,-0.000186
0.004161,-0.001839,0.001964
0.004830,-0.005236,0.003345
0.005531,-0.001664,0.001118
0.000760,-0.002542,0.000805
0.008406,-0.005423,0.002325
0.004870,-0.004131,0.003114
0.005262,-0.001753,0.001536
0.008025,-0.000710,0.000485
0.004147,-0.002800,0.001750
0.006624,-0.002551,0.002295
0.006446,-0.002153,0.001140
0.006384,-0.003992,0.000795
0.007716,-0.004588,0.001345
0.000788,0.004040,-0.002256
0.003665,0.003580,0.002499
0.001445,0.004399,0.002107
0.000718,0.005833,-0.001231
0.001802,0.004808,-0.001251
0.002377,0.005727,0.002382
-0.001613,0.003020,-0.001644
-0.000045,0.004462,-0.000433
-0.000268,0.004936,-0.000701
0.003138,0.003456,0.001988
0.000915,0.004165,-0.001113
0.001717,0.002596,0.000490
0.002334,0.004110,-0.000296
0.003193,0.004341,0.001997
0.001780,0.003118,-0.000894
0.003574,0.004096,0.003714
0.003433,0.006471,0.004367
0.004518,0.001525,0.006533
0.002685,0.005215,-0.001461
0.003613,0.007080,0.002219
0.003406,0.006569,0.002240
0.004974,0.004975,0.001381
0.003187,0.007497,0.003050
0.002926,0.005983,0.002881
0.004354,0.002724,0.004781
0.003084,0.004498,0.005080
0.004713,0.004087,0.002818
0.005277,0.004390,0.003218
0.004538,0.003899,0.005085
0.006326,0.003390,0.003926
0.006169,0.002748,0.001015
0.006727,0.004959,0.002868
0.005883,0.009778,0.000453
0.005403,0.005957,0.003836
0.005450,0.008654,-0.001131
0.005103,0.006472,0.003023
0.003950,0.006725,0.003718
0.007581,0.007720,0.002718
0.001730,0.005236,-0.001763
0.004650,0.006605,0.000741
0.006088,0.008208,0.000126
0.004999,0.008208,-0.001625
0.007614,0.006200,-0.000180
0.006159,0.006845,0.003811
0.005771,0.006120,-0.000538
0.007969,0.004802,0.000802
0.007741,0.008708,-0.000906
0.010355,0.003679,0.002163
0.007062,-0.001589,0.003039
0.006336,-0.000619,0.006361
0.006713,0.000288,0.002810
0.007530,-0.000186,0.004603
0.007554,-0.002227,0.006360
0.009620,-0.000597,0.005445
0.006635,0.001668,0.004123
0.009142,-0.000783,0.005653
0.008870,-0.007064,0.004721
0.008400,0.000682,0.006675
0.007619,-0.000604,0.003959
0.008638,0.000336,0.005865
0.008893,-0.001204,0.005164
0.006274,0.000794,0.005867
0.008054,0.000104,0.006316
0.007987,-0.002580,0.003842
0.002694,0.000880,0.006969
-0.000434,-0.003699,0.005969
0.004590,-0.001065,0.006714
-0.000348,-0.000205,0.001859
-0.002317,-0.003416,-0.000183
0.001657,0.002023,0.001871
-0.003384,0.000402,0.000929
-0.002157,0.000002,0.004278
-0.001992,-0.001182,0.007296
0.000084,0.001838,0.004387
0.000280,-0.002610,0.000790
-0.000672,0.003937,0.006188
-0.003201,-0.003870,0.006890
-0.003998,0.001694,0.008341
-0.003016,-0.007286,0.008381
0.002903,0.006224,0.009436
0.001285,0.000546,-0.001382
0.005137,-0.002293,-0.000519
0.003398,-0.004618,-0.000471
0.003833,-0.001628,-0.000821
0.001694,0.000035,-0.000545
0.005197,0.002330,0.002217
0.001773,0.003134,-0.000604
0.001638,-0.000479,0.000567
-0.001084,-0.001189,0.000288
0.004309,-0.001323,-0.000261
0.003930,-0.001525,-0.001810
0.004468,-0.000653,-0.000261
0.002921,-0.002050,-0.000771
0.002307,-0.001008,0.000706
0.000033,-0.000615,-0.000417
0.009008,-0.003165,0.003657
-0.004063,0.008898,-0.006777
0.000174,0.006458,-0.006828
-0.001264,0.007132,-0.006621
-0.003431,0.010121,-0.007841
0.000679,0.007226,-0.007857
-0.000952,0.009239,-0.006113
-0.002909,0.010097,-0.006704
-0.003413,0.009748,-0.006830
-0.002514,0.007509,-0.004651
-0.000400,0.008220,-0.003713
-0.002687,0.010120,-0.007737
-0.002604,0.012520,-0.002509
-0.000453,0.007514,-0.004331
-0.001880,0.007603,-0.006073
-0.001892,0.008166,-0.005576
-0.001976,0.009675,-0.006165
0.002787,0.008068,-0.000184
0.004164,0.006444,-0.000076
0.004160,0.008526,0.000560
0.003261,0.011068,-0.000296
0.003475,0.009570,0.000677
0.003524,0.012615,0.001141
-0.001355,0.007618,-0.000276
0.001424,0.009731,0.000142
0.001347,0.006156,0.001861
0.004640,0.008137,0.004085
0.001634,0.011896,-0.001919
0.002203,0.012500,0.001762
0.001472,0.006682,0.000407
0.001755,0.008873,-0.000914
0.003772,0.006287,0.002421
0.004577,0.009401,0.004055
-0.003508,0.001308,0.000486
-0.002432,0.001239,0.004376
-0.004423,0.000312,-0.001344
-0.002146,0.003489,-0.003305
-0.001928,0.002709,0.001893
-0.001708,0.002760,-0.000943
-0.005868,0.003610,-0.001363
-0.002652,0.000409,0.001315
-0.002947,0.001108,0.000593
0.000031,0.001645,0.000416
-0.001758,0.002823,0.001795
-0.001727,0.002053,0.001167
-0.005106,0.000933,0.000818
-0.003104,0.003065,0.001626
0.000643,0.001331,-0.000400
-0.001219,-0.001001,-0.000690
-0.006547,0.002385,-0.001550
-0.002793,0.002253,0.001146
-0.004325,0.003890,0.002204
-0.003991,0.004105,-0.000523
-0.003170,0.003320,-0.000864
-0.002867,0.006622,0.000557
-0.006585,0.003986,-0.000694
-0.004694,0.003114,0.002479
-0.004382,-0.000507,0.000788
-0.002309,0.003715,0.002153
-0.005045,0.003730,0.000111
-0.006259,0.006438,-0.000584
-0.004635,0.001549,0.001200
-0.006178,0.007200,-0.001296
-0.005092,0.000250,0.003509
-0.002366,0.006214,-0.000422
-0.002235,0.004097,-0.004551
-0.002353,0.001317,-0.002333
-0.000481,0.001242,-0.002783
-0.002035,0.005240,-0.005465
0.000299,0.002431,-0.002687
-0.001187,0.003685,-0.003382
-0.001863,0.004136,-0.004435
-0.002111,0.002890,-0.003182
-0.002100,0.001026,-0.003629
0.001977,0.003525,-0.001934
-0.001414,0.003001,-0.004035
0.000155,0.005345,-0.002826
-0.001467,0.003274,-0.002621
0.000251,0.004290,-0.004217
-0.000178,0.000021,-0.004918
0.000974,0.003040,-0.004182
-0.004578,0.007450,-0.001875
0.000165,0.001889,-0.004220
-0.008854,0.002405,-0.000960
-0.006006,0.004021,-0.000706
-0.006277,0.005319,0.002665
-0.002126,0.010882,-0.000984
-0.006213,0.007905,-0.002309
-0.004389,0.005818,-0.004390
-0.003903,0.002700,-0.001338
-0.004267,0.009537,-0.000238
-0.005801,0.005557,0.000273
-0.008922,0.006031,0.004130
-0.006320,0.008870,-0.000739
-0.003543,0.005580,-0.001332
-0.003591,0.006388,0.000366
-0.001782,0.005553,-0.002627
0.006643,-0.005672,0.003446
0.007326,-0.004973,0.002132
0.004284,-0.004858,0.003280
0.003957,-0.000365,0.002894
0.005368,-0.003150,0.001697
0.006153,-0.000156,0.004014
0.002928,-0.001731,0.000192
0.006543,-0.003928,0.003390
0.004507,-0.006261,0.003692
0.006888,-0.001721,0.003414
0.004974,-0.001538,0.001240
0.005005,-0.001505,0.005635
0.004209,-0.000771,0.003623
0.006239,-0.003564,0.003643
0.007595,-0.002740,0.001747
0.004906,-0.005421,0.003753
0.006255,0.010101,0.006013
0.001426,0.003011,0.003876
0.002133,0.005990,0.005387
0.003950,0.003207,0.002656
-0.002244,0.007727,0.002229
0.004401,0.008562,0.002791
-0.000627,0.007300,-0.001047
0.000181,0.002234,-0.001752
0.002312,0.002156,0.003981
0.001714,-0.000021,0.001399
0.002345,0.003655,0.000586
0.002654,0.001365,0.002104
0.002785,-0.000551,-0.000562
0.005262,0.005173,-0.000705
0.000910,0.002238,0.010395
0.006146,0.004962,0.007917
-0.325413,0.201446,-0.085463
-0.297349,0.063239,-0.056052
-0.275947,0.179515,-0.055176
-0.312355,0.283356,-0.012379
-0.274945,0.107243,-0.197670
-0.298020,0.397207,-0.043646
-0.255892,0.248411,-0.106096
-0.298808,0.257549,-0.183185
-0.302632,0.175633,0.002027
-0.275209,0.280881,-0.075979
-0.367236,0.413535,0.012860
-0.262652,0.219026,-0.145623
-0.274213,0.354177,0.019307
-0.309694,0.342597,-0.099809
-0.310746,0.282368,0.083084
-0.257170,0.132893,-0.115581
-0.005364,-0.002288,-0.007154
-0.010388,-0.000281,-0.001309
-0.003145,0.003275,-0.003483
-0.005885,0.002344,-0.005150
-0.006685,-0.001576,-0.005450
-0.006408,0.003855,-0.006328
-0.008939,0.001258,-0.003611
-0.006128,0.000224,-0.004071
-0.003747,-0.002185,-0.002335
-0.006706,0.001490,-0.004349
-0.008217,-0.000300,-0.001557
-0.009999,0.004298,-0.000305
-0.009309,0.001973,-0.005230
-0.008926,0.000819,-0.003248
-0.007071,0.001454,-0.005930
-0.006225,0.000947,-0.004626
-0.273207,0.461410,-0.013779
-0.291539,0.444961,-0.177114
-0.243746,0.457785,-0.116946
-0.300890,0.546307,-0.048455
-0.219641,0.500556,-0.265619
-0.317760,0.706654,-0.067488
-0.262372,0.617668,-0.144821
-0.415083,0.578794,-0.061681
-0.354204,0.475843,-0.070092
-0.243218,0.556144,0.057579
-0.416311,0.685874,-0.007705
-0.313905,0.536058,-0.184380
-0.302404,0.641198,0.033992
-0.347836,0.603343,-0.130878
-0.332371,0.524707,0.041775
-0.269064,0.377806,-0.135833
-0.310391,0.166037,0.039000
-0.256712,0.094291,-0.048980
-0.225153,0.114627,0.018597
-0.289800,0.200995,0.071494
-0.275408,0.236340,-0.097750
-0.220243,0.338027,0.041813
-0.205895,0.193600,-0.036891
-0.311196,0.240243,-0.057035
-0.271946,0.110195,0.005244
-0.222408,0.193813,0.047918
-0.334980,0.363249,0.048348
-0.246826,0.159689,-0.068727
-0.278798,0.306003,0.072375
-0.270785,0.313446,-0.064362
-0.280408,0.202070,0.127276
-0.277427,0.156149,-0.039768
-0.005414,0.002081,-0.001453
-0.002191,0.001899,0.001825
-0.001151,-0.000803,0.000272
-0.004797,0.005312,-0.000493
-0.001682,0.005621,-0.000752
-0.003653,0.006655,0.000727
-0.005037,0.003938,-0.002345
-0.006180,0.002098,0.000510
-0.006316,-0.000116,0.001923
-0.005336,0.003661,0.003179
-0.006255,0.007077,0.000339
-0.007100,0.005316,0.002265
-0.003328,0.005009,0.000845
-0.003949,0.004038,0.000787
-0.000681,-0.000261,0.004207
-0.004620,0.003349,0.003135
0.003425,-0.004390,-0.000581
0.005194,-0.005896,0.001983
0.005311,-0.002315,-0.001548
0.001082,-0.003345,-0.003168
0.002918,-0.002126,-0.000518
0.004492,-0.002429,-0.000113
0.001750,0.000112,-0.001363
0.002445,-0.001182,0.003064
0.000503,-0.006092,0.001934
0.004791,-0.003026,0.001543
0.004990,0.000723,-0.002725
0.002951,0.001214,0.001553
0.002328,-0.004129,0.001535
0.001471,-0.000654,-0.000790
0.004029,-0.005789,-0.000607
0.002696,-0.001791,0.002007
0.001460,0.004448,-0.001010
0.005530,0.002643,0.000819
0.003949,0.003106,-0.003126
0.003570,0.005670,-0.001414
0.004411,0.002565,-0.000121
0.004329,0.007439,-0.000718
0.001482,0.004817,-0.000509
0.003830,0.003577,-0.001419
0.004998,0.002956,0.000704
0.005558,0.005930,-0.002985
0.004926,0.006373,-0.001137
0.004021,0.004970,-0.002782
0.002951,0.004833,-0.002884
0.004136,0.006177,0.001055
0.006462,-0.000192,-0.002159
0.006926,0.003317,-0.000751
-0.000397,-0.003646,-0.000820
0.000148,-0.004927,0.000347
0.000965,-0.001598,-0.002164
-0.000167,-0.003870,0.000629
0.002234,-0.004194,0.005182
0.001911,-0.000618,0.001540
-0.001361,-0.002055,-0.000712
-0.000675,0.000799,0.000980
0.000217,-0.005386,0.001020
-0.002823,0.001722,0.003459
0.003233,-0.003088,0.001004
0.002780,-0.001849,0.000107
0.000077,-0.000447,0.002277
0.001963,-0.000901,0.000499
0.002681,-0.000692,0.000122
0.000265,-0.000860,0.002231
0.002962,-0.001036,-0.003040
0.004318,-0.000932,-0.004072
0.002332,-0.002067,-0.002445
0.002831,0.001675,-0.003656
0.004161,-0.002417,-0.004312
0.004553,0.003935,-0.001043
0.001736,0.000743,-0.004946
0.000585,-0.000955,-0.003773
0.000574,-0.001769,-0.002418
0.004026,-0.000829,-0.001721
0.001694,0.002873,-0.004527
0.002127,0.000271,0.000417
0.001799,-0.002347,-0.000490
0.002319,0.000174,-0.003932
0.003613,0.000272,-0.001848
0.005044,0.000694,0.000627
0.001080,-0.005655,-0.006844
0.001681,-0.008027,-0.003037
0.004249,-0.006243,-0.002607
0.003052,-0.002559,-0.002926
0.000890,-0.006521,-0.002827
0.002939,0.002398,-0.000561
-0.000040,-0.004770,-0.003059
0.000474,-0.002327,-0.003388
0.005762,-0.006348,-0.002481
0.003840,-0.001207,-0.002314
0.001985,-0.002163,-0.004975
0.002408,-0.002773,-0.000517
0.001295,-0.003322,-0.002982
0.002104,-0.003497,-0.003863
0.002225,-0.006217,-0.001880
0.003996,-0.003578,-0.000814
0.000563,0.002906,0.007633
-0.001136,0.004307,0.011315
-0.001970,0.006613,0.005414
-0.000876,0.002740,0.009885
-0.002284,0.003460,0.010762
0.003694,0.001735,0.013480
-0.004606,0.002888,0.009565
0.000121,0.004651,0.013780
0.000772,0.004784,0.009868
0.001766,0.001491,0.009973
0.002487,0.007085,0.004757
-0.002114,0.003334,0.010379
-0.003021,0.005452,0.008983
0.000474,0.000398,0.005917
-0.002936,0.003415,0.006520
-0.000997,0.003959,0.007068
0.002178,0.000741,-0.006796
0.000629,0.000153,0.000600
-0.000137,-0.000350,-0.006182
0.004174,0.001835,-0.001481
0.000522,-0.002520,-0.000853
0.000127,0.005523,0.000824
-0.006006,-0.001544,-0.011798
0.007962,0.001979,-0.008820
0.005774,0.003708,-0.008050
0.002479,0.008890,-0.004183
0.003808,0.007307,0.001166
0.000649,0.009512,-0.007713
0.002599,0.002480,-0.001427
0.007103,0.004160,0.005976
0.004164,0.008030,0.000126
0.004627,0.007484,0.001187
0.001809,0.004244,-0.005583
-0.000897,0.001940,-0.003344
0.002032,0.001672,-0.003813
-0.000633,0.002828,-0.002359
0.005120,0.000642,-0.001839
-0.001329,0.007194,-0.003679
0.000160,0.005124,-0.005024
0.000898,-0.001990,-0.001574
0.001938,0.001082,-0.004331
0.003406,0.004497,-0.008752
0.000292,0.002450,-0.004998
0.001336,0.003759,-0.004437
0.002003,0.004076,-0.003139
0.003675,0.001543,-0.002139
0.000616,0.003453,-0.004223
0.005861,-0.000409,-0.004951
-0.002219,0.000591,-0.004437
-0.002361,0.000062,-0.003600
-0.004216,0.001942,-0.005747
-0.001125,0.001338,-0.005554
-0.002042,0.000679,-0.000536
-0.001284,0.001513,-0.005910
-0.005320,-0.000082,-0.006385
0.000078,-0.000395,-0.004577
-0.000374,-0.001132,-0.004708
0.000230,-0.000102,-0.005849
0.002907,0.002586,-0.006014
-0.001112,0.001478,-0.005121
-0.002901,0.001105,-0.001512
-0.000072,-0.000210,-0.004091
0.001495,0.002111,-0.007035
0.001259,0.001878,-0.006942
-0.001032,-0.001326,-0.004734
-0.000172,-0.002087,-0.000199
0.000991,-0.000345,-0.004158
-0.001200,-0.000643,-0.003493
-0.000796,-0.000631,-0.003243
0.000302,-0.001128,-0.000342
-0.002025,0.000481,-0.003429
-0.001229,0.000467,-0.003477
-0.002019,-0.000092,-0.001551
0.002243,0.001554,-0.000018
-0.001953,0.000751,-0.004229
-0.002036,0.001874,-0.003521
0.000911,-0.002215,-0.004022
0.000561,-0.000585,-0.004622
0.000402,-0.002838,0.000437
-0.001289,-0.003714,-0.002263
0.007632,0.000929,-0.000989
0.007123,-0.001726,-0.001019
0.007012,-0.003828,-0.004031
0.005733,-0.001117,-0.002200
0.005991,-0.000852,-0.001323
0.009039,-0.005459,-0.003644
0.004104,-0.001329,-0.004153
0.008307,-0.003344,-0.001263
0.005729,-0.003345,-0.000774
0.009913,-0.002137,-0.002859
0.006118,-0.001196,-0.005041
0.007614,-0.001621,-0.000761
0.003911,-0.001993,0.000929
0.006192,-0.003719,-0.001311
0.006004,-0.002456,-0.004524
0.010481,-0.003125,-0.002035
-0.328106,0.165792,0.135275
-0.283867,0.061063,0.106186
-0.303028,0.187046,0.105161
-0.295352,0.223076,0.164963
-0.297786,0.196722,0.004224
-0.282299,0.365541,0.126120
-0.288867,0.248356,0.117790
-0.324823,0.314119,0.143291
-0.268509,0.116954,0.219283
-0.279891,0.290696,0.175843
-0.314155,0.385824,0.245197
-0.282796,0.146907,0.081903
-0.323567,0.421573,0.151226
-0.288390,0.285480,0.061206
-0.294387,0.277106,0.264300
-0.289778,0.096960,0.031769
-0.286818,0.226565,0.208614
-0.269987,0.156645,0.315247
-0.196737,0.270373,0.308708
-0.242746,0.250967,0.349028
-0.222138,0.320920,0.237742
-0.230891,0.396213,0.245980
-0.223015,0.260990,0.203566
-0.303747,0.389239,0.226133
-0.278840,0.260119,0.300366
-0.259450,0.319288,0.283956
-0.289536,0.420395,0.338515
-0.217801,0.183003,0.255165
-0.223732,0.386555,0.380526
-0.267169,0.308057,0.199360
-0.275437,0.329155,0.380594
-0.211150,0.173317,0.174577
0.001767,-0.002419,-0.004511
0.003626,-0.001469,-0.004214
-0.000398,0.000296,-0.004393
0.002460,-0.000393,-0.004702
0.001370,-0.005024,-0.003778
-0.000081,-0.001464,-0.004042
-0.002205,-0.002762,-0.007543
0.001393,-0.005499,-0.005583
0.005543,0.000992,-0.006779
0.003854,-0.002340,-0.003495
0.004281,-0.001807,-0.004500
0.001346,-0.002813,-0.004970
0.003196,-0.003640,-0.006805
0.001876,-0.001882,-0.005729
0.000194,-0.004234,-0.004486
0.004385,-0.004194,-0.004772
0.004552,-0.001897,-0.002234
0.005197,-0.003635,-0.001564
0.003513,-0.002659,0.001831
0.001509,0.000922,0.001538
0.003780,-0.000974,-0.000570
0.003457,-0.000389,-0.000331
0.000721,-0.002164,-0.001686
-0.000241,-0.002351,-0.000303
0.003527,-0.001094,0.001100
0.004075,-0.000415,0.000179
0.004223,0.001723,-0.002067
0.003496,-0.000534,0.000926
-0.000111,0.000109,0.000287
-0.000066,-0.001899,-0.000347
0.001890,-0.003309,-0.001018
0.003867,-0.002203,0.003187
0.005746,0.007698,-0.007153
0.004215,0.003589,-0.004839
0.004388,0.005995,-0.006070
0.006360,0.009996,-0.008998
0.006626,0.005764,-0.005981
0.004288,0.008850,-0.002559
0.004636,0.008225,-0.007783
0.003793,0.010941,-0.007607
0.003579,0.002265,-0.003499
0.006259,0.008084,-0.006943
0.006772,0.010026,-0.005027
0.004416,0.006794,-0.007374
0.004722,0.007472,-0.005461
0.006465,0.009868,-0.005576
0.006604,0.004316,-0.005408
0.006916,0.005465,-0.004815
0.002718,-0.001500,-0.007039
-0.001160,-0.002359,-0.006138
0.000033,-0.001761,-0.007475
-0.000145,-0.000235,-0.005303
0.003745,-0.001308,-0.007167
0.001272,0.000266,-0.005059
-0.000621,-0.004116,-0.007575
0.000047,-0.002085,-0.003310
0.002812,-0.002730,-0.004731
0.001394,-0.000998,-0.007526
0.001815,-0.000803,-0.006727
0.000947,0.000301,-0.004932
0.000505,0.000102,-0.007770
0.001926,-0.000553,-0.006594
0.001371,-0.002748,-0.003869
0.004574,-0.004383,-0.006427
0.009545,-0.003854,-0.001596
0.011668,-0.003261,-0.002355
0.009025,-0.001643,-0.001974
0.007718,-0.000466,0.001728
0.010369,-0.004546,-0.000512
0.011223,-0.004442,0.000193
0.006841,-0.000055,0.000623
0.013011,-0.001093,-0.000150
0.008563,-0.002247,-0.000090
0.014207,0.000027,0.000992
0.013545,0.001949,-0.004261
0.011020,0.000638,-0.001659
0.011248,-0.002239,-0.001235
0.011903,-0.003302,0.000406
0.013554,-0.002319,-0.000282
0.010879,-0.002871,0.000721
-0.002452,0.001638,-0.002259
-0.003473,0.006997,0.002294
-0.002589,0.002989,0.000585
-0.002808,0.007730,0.004558
-0.001438,0.006641,0.002782
-0.002708,0.002480,0.002914
-0.006299,0.001763,0.000579
-0.005803,0.001718,0.008359
-0.006481,0.005558,0.000535
0.000153,0.006958,0.001692
-0.002186,0.005976,0.002419
-0.004600,0.004278,0.005215
-0.000728,0.004352,0.002997
-0.006104,0.004873,-0.000041
0.002597,0.006944,0.002433
0.001557,0.001946,0.002818
0.006825,0.001238,0.005581
0.008223,0.000776,0.005444
0.009153,0.001241,0.004926
0.007260,0.002701,0.004855
0.007070,0.001237,0.007015
0.006481,0.003509,0.004442
0.005810,0.001754,0.004514
0.007290,0.001131,0.005753
0.007394,-0.000029,0.002557
0.010393,0.003354,0.003464
0.006805,0.004261,0.001733
0.008491,0.003625,0.007571
0.008270,0.001892,0.003165
0.006099,0.001891,0.004610
0.007428,0.001987,0.006692
0.010194,0.001511,0.006293
0.002794,0.000666,0.002740
0.003155,0.000755,0.004272
0.005038,-0.001240,0.007126
0.001260,0.002525,0.005935
0.002894,-0.000702,0.005656
0.002519,0.001574,0.005419
0.001482,0.001074,0.006749
0.000877,0.000922,0.003891
0.002494,-0.000035,0.007998
0.003291,0.001847,0.005926
0.002013,0.003769,0.005310
0.003807,0.000703,0.009115
0.001786,0.002111,0.006749
0.002384,0.000712,0.005550
0.002473,-0.001050,0.008614
0.002283,-0.000428,0.007369
-0.324172,0.397885,-0.149350
-0.290373,0.289408,-0.292389
-0.262983,0.350547,-0.195477
-0.308623,0.436080,-0.197681
-0.310748,0.403576,-0.382433
-0.268234,0.498178,-0.224697
-0.227296,0.402567,-0.269021
-0.352788,0.507795,-0.367524
-0.319583,0.410223,-0.241431
-0.277261,0.415386,-0.094481
-0.391571,0.484037,-0.115290
-0.198490,0.383092,-0.357903
-0.311596,0.500629,-0.106206
-0.323091,0.458583,-0.307703
-0.336173,0.450295,-0.022119
-0.295178,0.389739,-0.308855
0.002812,0.001557,-0.001274
0.007621,-0.002769,-0.005764
0.001305,-0.000469,-0.000766
-0.000407,-0.003135,-0.005233
-0.000784,-0.000657,0.001248
0.004348,0.008282,-0.000608
-0.000181,0.000740,-0.001583
0.003620,0.003316,-0.003390
0.001787,-0.002959,-0.003107
-0.000681,0.000509,-0.000861
0.001516,-0.000338,-0.000116
0.000420,-0.001952,-0.001621
0.001193,0.002675,-0.002607
0.006188,0.001430,-0.003593
0.001714,0.001514,-0.000309
0.007853,-0.001689,0.000137
-0.005063,-0.005903,0.000424
-0.002279,-0.010941,0.001244
-0.002429,-0.007184,-0.000053
-0.003644,-0.005215,0.000914
-0.005290,-0.007985,0.001909
-0.004194,0.000072,-0.000970
-0.007050,-0.000883,-0.000317
-0.004027,-0.009598,-0.000772
-0.002709,-0.013126,0.001210
-0.000388,-0.007722,-0.002304
-0.004750,-0.002549,0.003150
-0.003394,-0.006011,0.000435
-0.001685,-0.005470,0.002740
-0.005163,-0.005984,0.002374
-0.002283,-0.009934,0.001887
0.002149,-0.008728,0.005511
-0.007236,0.006980,0.006780
-0.002441,0.004362,0.003320
-0.014704,0.003803,0.006370
-0.000144,0.004141,0.004251
-0.005762,0.005575,0.012919
-0.002159,0.000095,0.002255
-0.006873,0.009769,0.004302
-0.001373,0.001241,0.003876
0.001152,0.006018,0.006347
-0.007467,0.005595,0.001972
0.007664,-0.001367,0.008742
0.006453,0.004778,0.009796
-0.003199,0.005952,0.008695
-0.004636,-0.001291,0.001024
-0.000706,-0.001036,0.003277
0.000301,-0.000131,0.001812
0.002420,0.006117,0.002229
0.003776,0.008304,0.006130
0.001982,0.005060,0.002801
0.002834,0.003899,0.005890
0.001630,0.004118,0.006276
0.001795,0.004958,0.005892
0.000369,0.007601,0.004295
0.001836,0.005314,0.002503
0.002945,0.005146,0.003425
0.004484,0.006010,0.003697
0.005023,0.004763,0.004286
0.005171,0.006687,0.004099
0.004866,0.007014,0.002605
0.004435,0.005511,0.002669
0.004113,0.006058,0.002898
0.003865,0.004619,0.004194
0.000662,0.000352,-0.002024
-0.000344,0.002132,0.001914
-0.001379,0.000253,-0.000952
0.000645,0.002579,0.001438
-0.001292,0.000005,-0.000764
-0.000087,0.002905,0.000021
-0.001693,-0.001342,-0.001628
-0.000320,-0.001316,0.000489
-0.000155,0.000307,-0.000987
0.001534,0.001186,-0.003762
0.002842,-0.001746,0.001026
0.002069,0.002336,0.000587
-0.000961,0.000930,-0.003925
-0.000165,0.003074,-0.000173
0.000785,0.002377,-0.000254
-0.000327,-0.000594,0.001441
-0.004249,0.001497,-0.002279
-0.002734,0.003257,-0.002213
-0.002235,0.001082,-0.002163
-0.001744,0.005151,-0.000026
0.000007,0.000541,-0.001717
0.000878,0.003117,-0.001056
-0.001273,0.003412,-0.004349
-0.001293,0.001259,-0.000890
-0.005083,0.001582,-0.000811
0.000592,0.002289,-0.003935
-0.000786,0.003653,-0.001576
-0.000357,0.001088,-0.000841
-0.001247,0.002135,-0.000597
-0.001620,0.001757,-0.002063
-0.000207,0.000033,-0.001461
0.001104,-0.000241,-0.000587
0.005078,0.001265,0.001188
0.004139,-0.000901,0.003740
0.004864,0.000313,0.001090
0.004434,0.003022,0.000515
0.004906,-0.001358,0.001431
0.006267,0.000848,0.000047
0.005265,-0.000496,-0.001420
0.005589,-0.000794,0.003608
0.002206,-0.001491,0.003083
0.006215,0.003274,-0.001346
0.004116,-0.002043,-0.002949
0.006047,-0.000091,0.002695
0.005283,-0.000528,-0.000764
0.006105,-0.000597,0.001639
0.007428,-0.000022,-0.001581
0.007053,-0.000541,-0.000638
0.002565,0.004454,-0.001515
0.004379,0.001319,0.001984
0.001186,0.003119,0.000506
0.001446,0.003703,0.001595
0.003366,0.004747,0.003402
0.004706,0.008846,0.004643
-0.000887,0.003817,0.001403
0.003237,0.003447,0.003013
0.006299,0.002460,0.002776
0.002412,0.005316,0.002107
0.004453,0.007063,-0.000541
0.003183,0.005829,0.000573
0.004059,0.006525,0.000539
0.004534,0.004304,0.000868
0.005075,0.005452,0.001860
0.004626,0.001614,0.002158
-0.000234,0.009074,0.001075
-0.001657,0.008305,0.001217
-0.004277,0.009419,0.000103
-0.004652,0.005687,0.001994
-0.003941,0.007089,0.004591
-0.006374,0.007676,0.003184
-0.005728,0.005345,0.004687
-0.001953,0.007046,0.002666
-0.000103,0.008187,0.001670
-0.003611,0.007485,0.002194
-0.000264,0.007905,0.001040
-0.003381,0.008219,0.002435
-0.002244,0.011866,0.002727
-0.001765,0.005231,-0.001768
-0.003193,0.010275,0.001434
0.000517,0.007002,0.003037
-0.000507,-0.004976,-0.001595
0.000352,-0.005229,-0.001043
-0.002043,-0.000617,-0.002631
-0.002284,-0.005457,-0.002940
-0.000968,-0.002255,0.000082
0.001101,0.001723,-0.001321
-0.003823,-0.003257,-0.002213
-0.000905,-0.002258,-0.001653
0.000081,-0.003593,-0.002628
0.000879,-0.002412,-0.001710
0.004507,-0.001303,-0.003626
-0.002897,-0.002236,0.001373
-0.001427,-0.002973,-0.002768
0.002376,-0.001927,-0.003712
0.003169,-0.002563,-0.001586
0.003889,-0.001600,0.000202
0.006554,-0.000196,0.006203
0.006212,-0.002694,0.007740
0.005055,0.000317,0.005821
0.006874,0.001082,0.007831
0.006092,-0.000129,0.011743
0.004837,0.000744,0.007819
0.002717,0.000353,0.007004
0.004477,-0.001334,0.008387
0.002986,-0.002941,0.008420
0.007714,0.003037,0.007345
0.007022,0.000569,0.006503
0.006978,-0.000927,0.008864
0.004975,0.000196,0.011371
0.005295,-0.000946,0.008651
0.007715,-0.000528,0.006851
0.008977,-0.001878,0.008304
-0.000391,0.003347,0.001260
-0.000566,0.000619,0.000333
0.000641,-0.001883,0.001837
-0.001545,0.003781,-0.002854
0.004469,0.001932,-0.001512
0.000489,0.004755,0.000156
-0.001148,0.001038,0.001275
-0.003084,0.004856,0.003523
-0.003119,-0.001842,0.001690
0.002883,0.002841,0.002162
-0.002789,0.000709,0.000068
0.001426,0.001802,0.002093
-0.002639,0.002215,0.000916
-0.001965,0.003460,0.003196
0.000367,0.000392,0.003659
0.003624,0.000625,0.003750
-0.001873,0.000120,0.002214
-0.004381,0.001145,-0.000330
-0.006266,-0.000717,0.001355
-0.003564,-0.000735,0.000841
-0.002547,-0.004771,0.004393
-0.001691,0.002266,0.000686
-0.006224,0.000878,0.003410
-0.004157,-0.003239,0.002945
-0.001754,-0.003103,0.001975
-0.003407,0.001575,0.001004
-0.000747,-0.001870,-0.001475
-0.003359,-0.000685,0.002982
-0.004154,0.001566,0.002801
-0.003258,-0.000841,0.000368
-0.003961,-0.000072,0.003619
-0.001717,-0.002447,0.000600
-0.000304,-0.010664,-0.004875
0.001287,-0.008631,-0.001689
0.000119,-0.008778,-0.001425
0.000573,-0.010435,-0.002873
-0.000274,-0.011663,0.000341
-0.000447,-0.004357,-0.002652
-0.003928,-0.008938,-0.001801
0.000961,-0.010542,-0.003535
0.001834,-0.010534,-0.004998
-0.001288,-0.006700,-0.001730
0.001501,-0.008707,-0.003038
-0.000873,-0.007748,-0.000268
0.000393,-0.005895,-0.000448
0.000032,-0.009431,-0.004275
0.001906,-0.008947,-0.000656
0.002676,-0.011907,0.001613
0.002058,-0.001542,0.001732
0.000729,-0.001661,0.004093
0.000959,-0.002127,-0.000561
0.004174,-0.000586,0.001129
0.000093,-0.002543,0.000671
0.003253,0.001679,0.000819
-0.003978,-0.001248,0.000374
0.001328,-0.001715,0.002973
0.001124,-0.004351,0.002595
0.001930,0.000802,0.002901
0.001479,-0.000988,-0.000619
0.001158,-0.000323,0.002183
0.002376,-0.002177,0.002334
0.002457,0.000065,0.000561
0.001487,-0.002709,0.004726
0.003995,-0.000439,0.002247
0.002053,0.017270,-0.000286
-0.004728,0.014724,0.000984
0.003373,0.014430,0.001662
-0.002750,0.012710,-0.005553
0.002261,0.016764,-0.007634
0.004001,0.005759,-0.003444
-0.006303,0.016517,-0.009512
-0.004596,0.015818,-0.003918
-0.005319,0.008407,-0.001048
-0.004700,0.015684,-0.005093
-0.006103,0.002519,-0.000409
-0.002377,0.012262,-0.003052
-0.005517,0.008195,0.002881
-0.008085,0.009422,0.002758
0.001491,0.015455,-0.004895
0.006522,0.019776,0.001223
-0.007131,0.009919,-0.009777
-0.011144,0.006188,-0.008341
-0.015985,0.019243,-0.011224
-0.014141,0.004061,-0.002985
-0.012372,0.008748,0.003204
-0.019583,0.004074,-0.011449
-0.016524,0.008032,-0.011422
-0.012364,0.003049,-0.011428
-0.011056,0.004968,-0.003168
-0.012647,0.009989,-0.005147
-0.012744,0.000114,-0.014604
-0.013203,0.003951,-0.001784
-0.005026,0.008311,-0.010017
-0.013075,0.004140,-0.009588
-0.008300,0.012229,-0.008313
-0.019750,0.009059,-0.010569
-0.006959,-0.001796,-0.001659
-0.003885,-0.001936,-0.000752
-0.002767,0.001474,-0.003631
-0.008424,-0.001186,-0.002186
-0.003810,-0.000900,0.000292
-0.004555,-0.000850,-0.002640
-0.006651,-0.002474,-0.003588
-0.005240,-0.002682,-0.001851
-0.004243,-0.001520,-0.002046
-0.004394,-0.000383,0.001046
-0.005346,-0.000333,-0.001002
-0.004581,0.000876,-0.002608
-0.005985,-0.000706,-0.002201
-0.004610,-0.001005,-0.001431
-0.002488,-0.001211,-0.000622
-0.003017,-0.002520,-0.001922
0.000777,-0.003279,0.003866
0.000038,-0.002044,0.002225
-0.000463,-0.002684,0.004723
-0.002696,-0.003198,0.003931
-0.001245,-0.002115,0.005850
-0.001776,0.001516,0.001609
-0.004399,-0.002067,0.005412
-0.000587,-0.003117,0.003661
0.001355,-0.002901,0.002189
-0.000528,-0.001412,0.003697
0.000306,-0.003039,0.004761
-0.001136,-0.001239,0.004929
-0.000148,-0.000891,0.002494
-0.003471,-0.002307,0.003230
0.000408,-0.002017,0.006244
0.002813,-0.001699,0.005969
0.001441,0.002989,-0.007178
0.000401,0.003772,-0.006273
0.001016,0.003997,-0.007520
0.001606,0.004543,-0.005754
0.005549,0.004348,-0.005393
0.001987,0.006028,-0.005226
0.000473,0.004672,-0.006400
-0.000666,0.006179,-0.005349
-0.003147,0.003989,-0.004473
0.001426,0.004192,-0.006385
0.001664,0.005839,-0.008039
0.001547,0.005426,-0.004928
0.000836,0.003075,-0.004468
0.002551,0.005205,-0.005704
0.002895,0.003224,-0.004685
0.004305,0.005934,-0.004677
-0.004721,0.005279,-0.002776
-0.002131,0.003584,-0.004784
-0.003469,0.003055,-0.004002
-0.002595,0.007094,-0.005879
-0.001120,0.003396,-0.004461
-0.003181,0.009359,-0.002100
-0.004845,0.007219,-0.004490
-0.005540,0.008902,-0.006672
-0.005237,0.003914,-0.004788
-0.001468,0.005969,-0.003417
-0.005844,0.007886,-0.001517
-0.002716,0.006299,-0.003065
-0.003787,0.006032,-0.003583
-0.001500,0.008015,-0.003345
-0.001433,0.001989,-0.003959
-0.000849,0.005590,-0.001136
0.001165,-0.005996,-0.000627
0.006671,-0.007486,-0.000670
0.006033,-0.005824,-0.000025
0.003373,-0.004979,-0.002305
0.006021,-0.008081,0.000106
0.006023,-0.003277,-0.003449
0.004864,-0.004794,-0.001911
0.006736,-0.006296,-0.000636
0.003035,-0.007315,-0.001679
0.005603,-0.004434,-0.002364
0.005245,-0.004313,-0.001376
0.005508,-0.005091,-0.001991
0.007149,-0.004764,0.000384
0.006117,-0.003214,-0.000419
0.009175,-0.008018,-0.002010
0.008545,-0.004674,0.000539
0.007557,-0.001812,0.004813
0.010179,0.000613,0.008487
0.008198,-0.004157,0.003379
0.008832,0.001001,0.005165
0.007158,-0.002740,0.005335
0.008630,0.002575,0.005713
0.004407,-0.000906,0.003396
0.007306,-0.002407,0.004464
0.008208,-0.005298,0.004126
0.011650,-0.000990,0.005518
0.009689,0.000217,0.007676
0.009329,-0.001960,0.004551
0.009086,-0.001476,0.007419
0.010046,-0.000310,0.006736
0.010532,-0.003778,0.005305
0.013117,-0.003442,0.007530
-0.006795,-0.002703,-0.001189
-0.003347,-0.004188,0.000041
-0.004063,-0.003889,-0.001072
-0.005202,-0.003344,-0.000972
-0.006472,-0.002560,0.000699
-0.005194,0.000722,0.000734
-0.004912,-0.000836,0.000296
-0.004184,-0.002591,0.001585
-0.004081,-0.003871,0.000702
-0.001592,-0.002242,0.000154
-0.002887,-0.002974,-0.001360
-0.004297,-0.001414,0.000849
-0.004233,-0.002687,0.002382
-0.005399,-0.002048,0.000331
-0.004105,-0.004094,0.000774
-0.000446,-0.005154,0.002110
-0.000975,-0.002239,0.006461
0.000687,-0.002533,0.005381
0.001321,0.000069,0.001921
-0.002327,0.000429,0.001757
-0.001911,0.000015,0.003494
-0.001307,0.001304,0.002984
-0.002684,-0.000968,0.004343
-0.001269,0.000042,0.005392
-0.000207,-0.002271,0.004009
0.000003,0.001176,0.005395
0.000773,0.002895,0.004425
-0.001253,0.001193,0.005517
-0.000816,0.000838,0.006675
0.000437,0.000152,0.005775
0.001863,-0.002605,0.002707
0.000417,-0.001846,0.006411
-0.001519,-0.000100,0.002524
-0.000717,-0.000456,0.002438
-0.001816,-0.003489,0.001956
-0.000717,-0.000770,0.001131
-0.001791,-0.002217,0.003749
-0.001184,-0.001170,0.002911
-0.002376,-0.003041,-0.000105
0.000359,-0.003294,0.003605
0.005244,-0.000905,0.002327
0.001447,-0.001087,0.003785
-0.002805,-0.000502,0.001608
-0.001256,0.000022,0.003101
-0.001473,-0.000757,0.002535
0.000173,-0.001725,0.003670
-0.000745,-0.000910,0.006751
0.005182,-0.000514,0.001164
-0.004149,-0.009074,-0.004581
0.000499,-0.007290,-0.002656
0.000443,-0.009368,-0.004286
-0.001743,-0.005755,-0.004133
-0.001948,-0.007707,-0.000181
0.001127,-0.000439,-0.000406
-0.003677,-0.007550,-0.005610
-0.004835,-0.006563,-0.001557
-0.002887,-0.010589,0.000523
-0.000663,-0.006324,-0.002136
-0.001074,-0.005322,-0.002427
0.000627,-0.006803,-0.001688
-0.001140,-0.006818,-0.001416
-0.000908,-0.005626,-0.001970
0.001058,-0.007761,0.001935
-0.001035,-0.005966,0.000093
-0.000803,0.005777,0.005404
-0.000737,0.003146,0.004360
-0.000272,0.006811,0.001707
-0.002802,0.005812,0.002198
0.000783,0.004041,0.005843
0.001999,0.008951,0.003621
-0.000339,0.003677,0.003857
0.000851,0.006728,0.006985
-0.000590,0.003529,0.006815
-0.000941,0.008688,0.005953
-0.002207,0.003333,0.005011
-0.000872,0.005044,0.003910
-0.000124,0.005082,0.002989
0.002073,0.007615,0.004628
0.003607,0.001985,0.008854
0.000121,0.006297,0.005335
-0.010885,0.003452,-0.000066
-0.005673,0.005578,-0.001548
-0.007000,0.004450,-0.000812
-0.008048,0.004363,-0.000517
-0.007859,0.003311,0.000355
-0.004954,0.009137,-0.002458
-0.008310,0.005182,-0.002780
-0.008707,0.005305,0.000761
-0.005969,0.003953,-0.000302
-0.006673,0.005698,-0.001508
-0.008329,0.007999,0.000080
-0.009101,0.004984,-0.001091
-0.005076,0.004781,0.001947
-0.004416,0.005667,0.000586
-0.004116,0.002459,0.000570
-0.003861,0.003162,0.001235
-0.031168,-0.001414,-0.002973
-0.034340,0.000415,-0.022203
-0.021233,-0.023339,-0.011264
-0.013277,-0.007555,-0.005466
-0.039848,0.011980,-0.032834
0.023730,0.000976,-0.016193
-0.000649,-0.002864,0.004624
-0.055934,0.011930,-0.011142
-0.073498,-0.011807,0.007989
-0.002058,0.007451,-0.007087
-0.041333,-0.006765,0.006843
-0.007324,-0.008111,0.005613
0.007438,-0.003113,0.000505
-0.027252,0.010314,-0.010124
-0.029313,0.009036,-0.014339
-0.022065,-0.005799,-0.014576
-0.001471,0.004140,0.010177
0.017475,-0.009393,-0.019709
0.016676,-0.003509,-0.007101
0.018128,-0.008873,0.008106
0.004975,-0.016632,-0.019520
0.010545,0.010204,-0.016998
0.016012,0.009055,-0.023245
-0.017171,-0.008009,-0.001290
0.000285,-0.012066,-0.015535
0.012735,0.008562,0.019587
-0.002112,0.014438,0.025882
0.021308,-0.014476,-0.013097
-0.006854,0.015237,0.000064
0.006135,-0.003656,-0.002396
-0.006948,-0.009887,0.031161
0.006413,-0.012732,-0.010532
0.001465,-0.002500,0.002291
0.003924,-0.005074,0.004496
0.005087,-0.001108,0.004421
0.004519,-0.001484,0.003640
0.003930,-0.003001,0.005616
0.007061,-0.002196,0.005515
0.002512,-0.003688,0.002880
0.004563,-0.001943,0.006397
0.003996,-0.003830,0.004463
0.008614,0.000497,0.005715
0.002750,-0.004005,0.002136
0.003966,-0.000414,0.004326
0.005533,-0.003708,0.005369
0.006703,-0.003410,0.004651
0.007038,-0.005645,0.004162
0.003134,-0.002513,0.007163
-0.000469,-0.002168,0.000891
0.000480,-0.003791,0.000466
0.002207,-0.002767,-0.000392
-0.002171,-0.001964,-0.001497
-0.000422,-0.002249,-0.000824
0.001121,0.001832,-0.000811
-0.003522,-0.002344,-0.001718
0.000795,-0.003410,-0.001048
-0.001320,-0.004429,-0.002394
0.000527,-0.000724,-0.001228
0.000841,-0.001920,0.000878
0.001325,-0.000544,0.002527
-0.001335,-0.003366,0.000048
-0.000004,-0.000420,0.000229
0.001733,-0.003747,-0.003577
-0.000038,-0.000620,0.002043
-0.002134,-0.004939,-0.001573
-0.001771,-0.007399,0.000724
-0.001662,-0.003989,-0.003561
-0.000097,-0.001963,0.001882
-0.000062,-0.004514,-0.000181
-0.001058,-0.003250,-0.001830
-0.002341,-0.002385,-0.004116
0.001294,-0.005071,0.001458
-0.002433,-0.006151,-0.000989
0.000798,-0.000492,-0.005594
-0.000971,-0.000772,-0.005829
-0.002987,-0.000233,0.000928
0.002522,-0.005792,-0.004446
-0.001379,-0.004330,-0.003079
-0.000298,-0.004978,-0.005749
0.000516,-0.006131,-0.001310
-0.001886,0.000174,-0.002590
-0.001568,0.000629,-0.002156
-0.003591,0.001435,-0.000874
-0.002229,0.001603,0.002526
-0.000404,0.000906,0.001749
-0.002827,-0.002155,-0.001520
-0.003092,0.000719,-0.000362
-0.000590,0.000131,-0.001095
-0.000491,0.000802,-0.003071
0.000833,0.001806,-0.002929
0.001328,0.000307,-0.000636
-0.000588,-0.001683,-0.001003
-0.001085,-0.001037,0.000052
-0.001700,0.001890,-0.000820
-0.001097,0.001560,-0.003729
0.002847,0.001310,-0.001306
0.002627,0.005875,0.001020
0.002262,0.005723,0.002448
0.001430,0.004981,-0.001390
-0.000590,0.007231,0.004892
0.001371,0.007104,0.004619
-0.000258,0.005685,0.005113
-0.002650,0.005120,0.000135
0.001939,0.007018,0.004458
0.002463,0.010333,0.001211
0.002117,0.008468,0.001218
0.006373,0.009621,0.000192
0.001335,0.006988,0.003214
0.003779,0.009243,0.000922
0.002973,0.005867,0.003142
0.003094,0.005223,0.000872
0.001296,0.005401,0.004098
0.018923,-0.001278,-0.000264
0.012462,-0.004030,-0.002726
0.016647,-0.003864,-0.007562
0.013280,0.000674,0.000855
0.021632,-0.002488,-0.001399
0.015198,-0.002747,-0.002281
0.014196,0.000064,-0.008834
0.010663,-0.001381,0.001792
0.017681,-0.006933,0.001541
0.011668,0.000655,-0.002235
0.011867,-0.006064,-0.001997
0.020121,-0.002141,0.003485
0.016833,-0.007105,-0.005342
0.017538,-0.004689,0.001331
0.016719,0.000224,-0.005006
0.019146,-0.004086,0.001392
-0.394572,0.498804,0.159668
-0.410474,0.507710,0.059239
-0.338562,0.513605,0.122123
-0.376242,0.627852,0.171195
-0.353310,0.482579,0.027530
-0.341717,0.710193,0.121778
-0.334077,0.604074,0.093351
-0.437783,0.708994,0.076066
-0.424717,0.593407,0.175792
-0.324370,0.616339,0.185178
-0.401453,0.725192,0.231879
-0.379616,0.565488,0.093961
-0.365510,0.667248,0.293277
-0.385837,0.628272,0.012301
-0.364200,0.578198,0.248212
-0.350488,0.423797,0.086933
-0.005376,-0.004288,-0.003801
-0.002512,-0.009724,-0.000199
-0.002573,-0.005801,-0.004651
-0.007533,-0.004565,-0.000444
-0.008619,-0.005011,-0.001063
-0.007196,-0.002016,-0.005708
-0.009692,-0.003977,-0.001723
-0.010243,-0.003035,-0.001223
-0.005665,-0.003635,-0.002808
-0.002121,-0.002623,-0.006559
-0.007734,-0.002563,-0.003035
-0.008796,0.000377,0.002763
-0.001179,-0.010614,0.001099
-0.007507,-0.004246,0.002326
-0.004947,-0.008255,-0.003419
-0.005198,-0.006175,0.000223
0.005584,0.009957,-0.012766
0.007307,0.009344,-0.011401
0.003537,0.006481,-0.015461
0.010739,0.006974,-0.010805
0.004248,0.013954,-0.000050
0.012036,0.003685,-0.010997
0.005571,0.006962,-0.013277
0.005980,0.008969,-0.013855
-0.001589,0.007855,-0.008041
0.006973,0.008695,-0.009308
0.010164,0.004143,-0.011856
0.009286,0.003558,-0.006295
0.006846,0.008326,-0.011363
0.004946,0.004774,-0.014052
0.003683,0.006571,-0.004907
0.006409,0.006751,-0.009466
0.000180,-0.000677,-0.006992
0.002914,-0.000592,-0.003217
0.000944,-0.001609,-0.005347
0.001710,0.001244,-0.006197
0.003558,0.001439,-0.002131
0.004539,0.001173,-0.004464
0.001216,-0.000260,-0.005641
0.002279,0.003143,0.000319
0.001776,0.000194,-0.002205
0.004644,0.004511,-0.003997
0.003760,0.000029,-0.007782
0.004002,-0.000322,-0.003914
0.002123,0.000042,-0.004325
0.003492,-0.000344,-0.006631
0.005383,0.002746,-0.002036
0.002718,0.000434,-0.003530
-0.002620,-0.004885,0.003274
0.001378,-0.006045,0.005412
-0.003198,-0.005465,-0.000773
-0.003557,-0.005169,-0.000079
-0.004384,-0.005265,0.001122
0.000406,0.000416,-0.001379
-0.006061,-0.003485,0.001920
-0.003166,-0.005920,0.001997
0.002087,-0.011367,0.002641
-0.000302,-0.004415,0.000599
-0.002125,-0.002772,0.003233
0.000474,-0.006802,0.003644
-0.003893,-0.005207,0.003783
0.000826,-0.003008,0.004143
-0.000485,-0.007728,0.002762
0.002468,-0.006742,0.003098
0.005115,-0.001794,-0.000129
0.009837,-0.002914,-0.001795
0.004563,-0.000105,0.001266
0.004735,-0.002587,-0.001226
0.007765,-0.000358,0.000310
0.006560,0.001676,-0.001412
0.003845,-0.001599,-0.001247
0.006594,-0.001205,-0.000775
0.007238,-0.001815,0.000930
0.007423,-0.000763,0.000587
0.006147,-0.000491,-0.000827
0.004688,-0.000705,0.001070
0.005050,0.000249,0.001427
0.006348,-0.000296,0.002086
0.007358,-0.001252,0.000575
0.008266,-0.000881,0.002120
0.003948,-0.001452,-0.006386
0.003565,-0.002553,-0.005003
0.005232,-0.001935,-0.002528
0.002604,0.000803,-0.005233
0.005970,0.000718,-0.007107
0.004303,-0.002087,-0.004141
0.003269,-0.003220,-0.004348
0.000006,-0.001436,-0.002530
0.000724,-0.002066,-0.004885
0.009257,-0.001852,0.003409
-0.000966,-0.001103,-0.006290
0.000896,0.002681,-0.000586
0.003844,-0.001087,-0.003572
-0.000833,0.000165,-0.003031
0.003109,-0.002194,-0.001676
0.006802,0.001751,-0.000689
0.001253,0.006385,-0.007615
0.001486,0.004786,-0.009253
0.001443,0.004200,-0.006903
-0.001764,0.007183,-0.010659
0.002992,0.007206,-0.011717
0.002732,0.006002,-0.010479
0.001542,0.006834,-0.006143
0.001321,0.004486,-0.008632
0.001513,0.005360,-0.005586
0.003447,0.005701,-0.008199
-0.001114,0.006553,-0.009389
0.002903,0.009008,-0.007352
0.000824,0.007111,-0.005980
-0.000161,0.003450,-0.007529
0.001929,0.004139,-0.006179
0.006415,0.005368,-0.006750
0.000603,0.003427,-0.010148
0.007972,0.001985,-0.007684
0.003041,0.002254,-0.010773
0.002513,0.005290,-0.008089
0.002469,0.005668,-0.009317
0.002435,0.009185,-0.005129
0.001353,0.003510,-0.008426
-0.001048,0.004288,-0.007691
-0.000306,0.004876,-0.008028
0.002788,0.000678,-0.005400
-0.000900,0.004715,-0.007714
0.001048,0.004565,-0.003819
0.001788,0.005042,-0.007796
0.002882,0.004303,-0.009984
0.001599,0.000989,-0.004800
0.003247,0.004681,-0.006787
0.009427,-0.000288,-0.002959
0.014996,-0.004454,-0.000301
0.014570,-0.002892,-0.000871
0.010976,0.000641,-0.004026
0.010495,0.001603,-0.000250
0.012157,0.003177,-0.000237
0.009385,0.001188,-0.002690
0.008679,-0.000335,-0.000307
0.009999,-0.002545,0.000193
0.012138,0.002471,0.001495
0.012397,0.001669,-0.000853
0.011086,0.002288,-0.001274
0.011919,-0.000004,-0.001480
0.011215,0.001408,-0.001006
0.015109,-0.002781,0.001277
0.010704,0.000734,0.001912
0.007054,-0.001025,-0.003776
0.006527,0.000892,-0.005844
0.002819,-0.003506,-0.008259
0.004860,0.002026,-0.005868
0.004250,0.000042,-0.006869
0.007061,-0.000783,-0.006400
0.001354,-0.001415,-0.007262
0.005383,-0.001236,-0.007634
0.006730,0.000907,-0.007571
0.005726,-0.002166,-0.005413
0.007040,-0.000601,-0.007071
0.006639,-0.002007,-0.005615
0.007598,-0.000447,-0.006025
0.004542,0.000087,-0.008270
0.003251,-0.000567,-0.007975
0.011905,-0.001776,-0.004906
0.006138,-0.005548,-0.002822
0.005825,-0.005515,-0.000403
0.006487,-0.006217,-0.004032
0.006609,-0.003479,-0.001938
0.004154,-0.006449,0.000612
0.006264,-0.004485,-0.002726
0.003850,-0.005731,-0.002869
0.007002,-0.004722,-0.002439
0.007756,-0.004236,-0.002388
0.006090,-0.001968,-0.004453
0.010089,-0.004583,-0.007363
0.007620,-0.005631,-0.001427
0.005853,-0.006240,-0.003838
0.008304,-0.006318,-0.005606
0.009276,-0.004158,-0.004508
0.008581,-0.005976,-0.004039
0.002065,0.004257,-0.005171
0.003227,0.001771,-0.005308
0.002759,0.001113,-0.004362
0.001841,0.005690,-0.004888
0.003859,0.003776,-0.004554
0.002940,0.007900,0.000238
0.000304,0.002315,-0.005646
0.000609,0.006450,-0.003328
0.000996,0.004558,-0.000987
0.002807,0.003467,-0.004012
0.003878,0.005123,-0.002934
0.003799,0.005431,-0.002847
0.003568,0.004391,-0.001933
0.004497,0.005097,-0.005544
0.003486,-0.000259,-0.001633
0.003087,0.003813,-0.002046
0.007787,0.000902,-0.003802
0.006670,0.000623,-0.002096
0.006500,0.000999,-0.004726
0.003119,0.002238,-0.004209
0.006543,0.002020,-0.004208
0.004652,0.002929,-0.003968
0.002624,0.002533,-0.003551
0.003229,0.000526,-0.001377
0.004473,0.001682,-0.002394
0.006122,0.003027,-0.003580
0.006168,0.003629,-0.004083
0.005361,0.004569,-0.000540
0.005796,0.001722,-0.000601
0.003939,0.002793,-0.000747
0.007151,-0.000414,-0.005210
0.006832,0.001929,-0.003501
0.008603,0.011478,0.015426
0.010459,0.004930,0.009130
0.009811,0.005214,0.005527
0.007110,0.004034,0.007654
0.006550,0.008099,0.006520
0.009486,0.012267,0.011916
0.000779,0.015362,0.015564
0.007256,0.005731,0.009265
0.004280,0.003367,0.011817
0.007010,0.005319,0.010285
0.010296,0.005192,0.016398
0.004172,0.011693,0.010213
0.009992,0.008645,0.017498
0.010664,0.005220,0.012754
0.012106,0.001237,0.009690
0.013515,0.015014,0.011298
0.010188,0.003333,-0.005981
0.009745,0.002788,-0.003646
0.010025,0.003756,-0.004646
0.006838,0.001585,-0.005168
0.008411,0.009153,-0.005576
0.008390,0.008190,-0.009543
0.006538,0.009501,-0.004210
0.001209,0.005603,-0.003415
0.007818,0.009535,-0.008212
0.009186,0.003921,-0.002710
0.003938,0.006837,-0.006038
0.004372,0.008102,-0.005060
0.005135,0.003994,-0.002041
0.005056,0.006569,-0.002374
0.009418,0.003620,-0.005497
0.008907,0.001508,-0.003358
-0.002781,0.004991,-0.007102
-0.003450,0.001409,-0.003286
-0.002230,0.000276,-0.004811
-0.002640,0.002224,-0.006569
-0.003815,-0.000561,-0.003157
-0.004148,0.002371,-0.007251
-0.000757,0.002563,-0.009571
-0.003430,0.003281,-0.007798
-0.002105,-0.001330,-0.008138
-0.001189,0.002174,-0.007482
-0.005301,0.000970,-0.006632
0.001726,0.002788,-0.008057
-0.000629,0.000550,-0.008749
-0.004494,0.003873,-0.004101
-0.003755,0.005335,-0.006053
-0.001905,0.000059,-0.007824
-0.327787,0.428768,0.271003
-0.311711,0.429490,0.194556
-0.233698,0.404874,0.275238
-0.287461,0.481576,0.270738
-0.277419,0.407151,0.138633
-0.290637,0.672191,0.294428
-0.245564,0.532264,0.250878
-0.360672,0.525270,0.314029
-0.276930,0.407529,0.329760
-0.263816,0.511911,0.344826
-0.357474,0.655217,0.363605
-0.266502,0.474512,0.154947
-0.316544,0.599399,0.282189
-0.322229,0.537659,0.203278
-0.324110,0.523996,0.391129
-0.263662,0.357736,0.219390
-0.002728,-0.002468,-0.000758
-0.001128,-0.001658,-0.000383
-0.004072,-0.002736,-0.001434
-0.004967,-0.004169,0.000533
-0.000891,-0.004816,-0.001006
-0.001750,0.000157,0.001805
-0.003471,-0.002455,-0.001507
-0.001047,-0.000845,-0.000474
-0.002764,-0.000550,-0.000009
-0.002123,-0.005058,0.002192
-0.000379,-0.004899,-0.000229
-0.000215,-0.004285,0.000609
-0.005287,-0.001896,-0.000532
0.000055,-0.004871,-0.001598
-0.003924,-0.005195,-0.000460
0.000369,-0.005255,-0.001628
0.000799,0.000956,-0.001169
0.002081,0.001037,-0.002832
-0.000110,0.001636,-0.005578
0.000740,0.004939,-0.006608
0.000225,-0.000928,-0.004549
-0.000144,0.005511,-0.001981
-0.001899,0.001015,-0.003906
-0.000409,-0.001796,-0.001889
0.003013,-0.000637,-0.002161
0.002989,0.005231,-0.003976
0.001658,0.002211,-0.003064
0.000095,0.003553,-0.003811
0.002507,0.003330,-0.001714
0.003458,0.001871,-0.002263
0.004133,-0.001558,-0.001070
0.004322,-0.001442,-0.001494
-0.003533,-0.000278,-0.004074
-0.003479,-0.001955,-0.005815
-0.003519,-0.004742,-0.004642
-0.000998,-0.000939,-0.004727
-0.001724,-0.002561,-0.005139
-0.001077,-0.000136,-0.004064
-0.004734,-0.000336,-0.006469
-0.005290,0.000580,-0.001501
-0.003987,-0.003220,-0.003450
-0.000524,-0.002256,-0.003096
-0.002173,-0.000502,-0.004433
-0.002853,-0.000440,-0.005876
-0.000370,-0.002501,-0.003517
-0.000605,-0.000871,-0.002789
-0.001078,-0.001633,-0.004758
-0.002644,-0.001767,-0.004141
0.002152,-0.003082,0.004315
0.003837,-0.004164,0.000793
0.001343,-0.002479,0.005321
-0.002177,-0.003380,0.002992
0.002794,-0.001188,0.000611
0.002631,0.000803,0.001461
0.000627,-0.004141,0.002387
0.002191,-0.000053,0.000886
0.002836,-0.002849,0.002744
0.001117,-0.002774,0.003544
0.003047,-0.000995,0.001161
-0.000997,-0.001943,0.002851
0.003252,-0.003180,0.004150
0.003292,-0.001965,0.000881
0.005554,-0.001663,0.002087
0.006776,-0.001042,0.003726
-0.005331,-0.000500,-0.004028
-0.000582,-0.001028,-0.002394
-0.003829,-0.002965,-0.004460
-0.003797,0.003294,-0.001314
-0.003249,-0.002433,-0.002303
-0.005196,0.005326,-0.001729
-0.007256,-0.000805,-0.002250
-0.003769,0.002924,-0.000905
-0.003479,0.000122,-0.000815
-0.003163,0.003108,0.000516
-0.001174,0.001077,-0.003594
-0.002380,0.003414,-0.001521
-0.005931,0.003436,-0.001586
-0.001925,0.003119,-0.001516
-0.002031,-0.001988,0.000202
-0.001301,0.001158,0.000791
-0.001756,0.002706,-0.000328
-0.001683,-0.001272,0.000879
-0.000853,-0.000232,0.000143
-0.001842,0.001972,-0.000506
-0.002810,-0.002235,-0.000748
-0.003185,0.005374,0.000425
-0.008198,0.001093,0.001023
-0.006223,0.002294,-0.001296
-0.001048,0.000619,-0.001971
-0.002229,0.001541,0.001850
-0.004239,0.001668,0.001290
-0.003727,0.001192,0.002255
-0.004538,-0.001111,-0.001468
-0.003809,0.001518,-0.001046
-0.004139,-0.001756,-0.001125
-0.002702,-0.001408,0.001627
0.005421,0.001820,0.003546
0.004003,-0.003001,0.000081
0.004947,-0.002121,0.002884
0.002344,0.001160,0.000438
0.003407,-0.001210,0.001153
0.002764,-0.000271,0.001874
-0.000367,0.002097,0.006042
-0.000252,0.001062,0.001949
0.006105,0.000229,0.001108
0.003308,0.001401,0.001378
0.002401,0.000712,0.001504
0.003755,0.003012,0.002890
0.006852,0.001932,0.000856
0.005470,-0.001430,0.000858
0.002386,0.003173,0.002144
0.006498,-0.001119,0.003658
0.004116,-0.000882,0.002742
0.007253,-0.000194,0.004327
0.006904,-0.001053,0.004406
0.004115,0.000443,0.004396
0.005818,-0.002172,0.006569
0.006083,0.002922,0.004128
0.004161,-0.001305,0.004171
0.002808,-0.004924,0.006565
0.006710,-0.003105,0.005055
0.006647,-0.001091,0.006683
0.005962,-0.001472,0.002144
0.006383,0.000215,0.003972
0.006102,-0.001818,0.004407
0.003698,-0.000608,0.004211
0.006428,-0.000431,0.004996
0.007797,-0.002256,0.004168
0.004581,-0.000154,0.004376
0.005910,-0.002493,0.003001
0.007857,-0.001380,0.002126
0.003726,0.001441,0.002265
0.007537,0.000018,0.003165
0.006793,0.002854,0.002386
0.002218,0.000212,0.001597
0.005672,0.001195,0.004730
0.005613,0.000536,0.003673
0.006075,0.000941,0.003608
0.005348,0.002130,-0.000256
0.008350,0.000849,0.003351
0.005006,-0.001769,0.003155
0.007346,0.000037,0.002320
0.007280,-0.002524,0.002458
0.007672,-0.002036,0.003525
0.003009,-0.006866,0.005440
0.004233,-0.008629,0.007119
0.002817,-0.008060,0.005538
0.004755,-0.007517,0.006644
0.002811,-0.008711,0.008322
0.003837,-0.004433,0.006805
0.003332,-0.008342,0.005680
0.004585,-0.009907,0.007882
0.003310,-0.009060,0.008772
0.003917,-0.006464,0.004208
0.005759,-0.007209,0.004441
0.004208,-0.007793,0.005308
0.003182,-0.004465,0.004492
0.003924,-0.007855,0.006224
0.005475,-0.008203,0.007967
0.005725,-0.008878,0.006508
-0.257570,0.224131,-0.213389
-0.232145,0.153314,-0.244678
-0.220556,0.178235,-0.188950
-0.259206,0.269813,-0.172900
-0.257165,0.270240,-0.357842
-0.197113,0.301209,-0.277995
-0.192358,0.214873,-0.263162
-0.299686,0.365949,-0.368706
-0.281294,0.189853,-0.220376
-0.196023,0.260136,-0.169322
-0.269288,0.338188,-0.267590
-0.252325,0.256136,-0.256778
-0.240828,0.316389,-0.206169
-0.308875,0.273530,-0.308115
-0.283340,0.287348,-0.217194
-0.271258,0.195932,-0.320058
-0.017199,-0.006961,0.002224
-0.017357,-0.014361,0.004136
-0.018514,-0.008013,0.000312
-0.021534,-0.009002,-0.007365
-0.013612,-0.006889,0.009945
-0.016005,-0.008176,0.004370
-0.021615,-0.006131,0.001752
-0.010389,-0.005373,0.003131
-0.014172,-0.010165,0.004839
-0.020733,-0.007284,0.003404
-0.013444,-0.008750,0.005450
-0.012929,-0.011397,0.000593
-0.021945,-0.004684,0.002146
-0.015650,-0.009911,-0.001093
-0.013755,-0.006828,-0.002567
-0.008449,-0.004957,0.002782
-0.009516,0.000012,0.000006
-0.006684,0.000467,0.000116
-0.009866,-0.000072,-0.001708
-0.009439,-0.000754,-0.001738
-0.008377,0.001232,0.002351
-0.009476,0.005894,0.001557
-0.009055,0.004496,-0.000230
-0.010044,0.002666,-0.000592
-0.011584,-0.000998,0.001062
-0.008999,0.004294,-0.003771
-0.009436,0.001427,-0.004680
-0.009490,0.002992,0.001532
-0.009173,0.000608,0.000281
-0.009843,0.001011,0.000273
-0.008071,-0.000943,0.000516
-0.005607,0.000097,-0.000275
-0.001040,-0.001138,0.000574
0.004226,0.000024,0.002196
0.001354,0.001102,-0.002208
0.000321,0.000740,-0.001781
0.000636,-0.001663,0.000583
0.001976,0.003530,0.001072
-0.002943,-0.002186,-0.000461
-0.001229,-0.001142,0.001183
-0.000409,0.000125,0.002883
0.001617,0.001693,0.002001
0.000403,0.000917,-0.000456
0.001312,0.002002,0.000119
-0.000238,0.002364,0.002418
0.001888,0.000769,0.001382
0.000821,-0.003877,0.000965
0.001235,0.000955,0.002537
0.003054,0.002020,-0.000255
0.003777,0.002136,-0.000963
0.001794,0.001808,-0.000924
0.002350,0.003189,-0.000055
0.004124,0.000279,0.000088
0.003392,0.004642,0.001482
0.001514,0.004063,-0.001120
0.001703,0.001301,-0.001297
0.003136,-0.000677,-0.000168
0.004257,0.002844,0.000890
0.004451,0.005185,0.000898
0.004149,0.004461,-0.002622
0.006500,0.002138,-0.000865
0.000207,0.004913,-0.000428
0.004780,0.001422,0.002510
0.006859,0.001973,0.001087
0.007693,-0.007450,-0.003188
0.008085,-0.005316,-0.003319
0.008026,-0.006652,-0.002134
0.004991,-0.004742,-0.002415
0.009448,-0.004318,-0.002494
0.006917,-0.007959,-0.001485
0.004465,-0.003633,-0.002637
0.007524,-0.005119,0.002577
0.005870,-0.002779,-0.001734
0.008280,-0.004372,-0.005760
0.005511,-0.005384,-0.004693
0.010181,-0.001600,-0.002302
0.009142,-0.004045,-0.001811
0.007780,-0.004548,-0.001417
0.010151,-0.005921,-0.002123
0.009178,-0.004268,0.000589
0.009863,0.002313,-0.000286
0.012148,-0.000151,0.001208
0.012670,0.000371,-0.001101
0.009680,0.001740,-0.000146
0.009217,0.001031,0.002250
0.011466,0.004132,0.000236
0.006811,0.002963,-0.002529
0.010022,0.000485,-0.001409
0.010552,-0.000041,-0.001051
0.008778,0.003693,0.000488
0.010351,0.004344,0.000012
0.010641,0.003779,-0.001198
0.011454,0.001220,-0.000045
0.013385,0.003557,-0.001156
0.014572,0.000872,-0.000957
0.014907,0.001755,-0.003319
0.006378,0.002126,0.000281
0.006917,-0.001501,0.002412
0.006608,-0.000762,0.001142
0.006108,0.001525,0.003305
0.006462,0.000721,0.002080
0.007344,0.005002,0.002667
0.005938,0.002856,0.000870
0.004111,-0.000572,0.003224
0.005724,-0.000405,0.002640
0.007662,0.001472,0.000658
0.007044,0.001081,0.002671
0.005730,0.002533,0.002301
0.006635,0.000050,0.003202
0.005286,0.001733,0.004374
0.006765,0.000519,0.002793
0.008502,0.000404,0.001190
0.010246,0.002856,-0.003740
0.012601,-0.001693,-0.001748
0.012178,0.000406,-0.001251
0.008534,0.003062,-0.002714
0.014575,0.003316,0.000410
0.012347,0.002632,-0.000547
0.009214,0.002432,-0.003881
0.011180,0.002914,-0.000154
0.011094,0.000233,-0.000861
0.013381,0.004601,-0.000791
0.011630,0.001694,-0.002624
0.009727,0.001497,-0.000663
0.009128,0.001409,-0.001858
0.011220,0.001390,-0.000809
0.014746,0.001477,-0.003035
0.014868,0.001956,-0.002096
0.006283,0.000902,-0.002689
0.009141,0.001018,-0.001791
0.009095,0.003237,-0.004034
0.004066,0.002369,-0.003269
0.006367,0.004091,-0.005097
0.007522,0.007829,-0.004109
0.003343,0.001957,-0.004621
0.006319,0.003464,-0.000281
0.007158,0.001704,-0.002164
0.008568,0.002687,-0.003739
0.006724,0.006068,-0.003916
0.006308,0.005686,-0.003574
0.006387,0.002453,-0.001177
0.007901,0.003234,-0.000357
0.008183,0.000718,-0.002225
0.008708,0.002640,-0.002301
-0.355344,0.566634,-0.209284
-0.367002,0.521217,-0.285932
-0.348483,0.481019,-0.233583
-0.376571,0.612950,-0.344983
-0.343528,0.604448,-0.424972
-0.305334,0.671417,-0.328464
-0.312528,0.518992,-0.298235
-0.415773,0.734531,-0.325766
-0.426243,0.601497,-0.217929
-0.292423,0.595879,-0.283585
-0.416019,0.737556,-0.165318
-0.333361,0.527825,-0.360325
-0.349809,0.671852,-0.226247
-0.384709,0.589668,-0.273246
-0.372868,0.610057,-0.136142
-0.274590,0.498664,-0.374425
0.003157,0.007197,-0.005963
0.000931,0.002353,-0.003612
-0.000223,-0.001318,-0.004582
-0.002684,0.004797,-0.010259
0.001842,0.001260,-0.006870
0.000400,0.001104,-0.002777
0.000175,0.002478,-0.009976
-0.003931,0.005869,-0.008227
0.000962,0.004882,-0.005127
0.002427,0.003207,-0.007497
-0.001018,0.002782,-0.007748
0.003573,0.005660,-0.004080
0.001323,0.002331,-0.004366
0.001299,0.005481,-0.004232
0.007117,-0.000250,-0.009528
-0.000589,-0.001387,0.000664
