-0.020087,0.018258,-0.001286
-0.019490,0.012048,-0.005947
-0.011833,0.009575,0.000913
-0.017596,0.016291,-0.004677
-0.016106,0.014798,-0.009283
-0.019636,0.024884,0.001400
-0.016418,0.018791,-0.003733
-0.022226,0.019306,-0.003688
-0.022252,0.010616,0.000460
-0.021976,0.012555,-0.001297
-0.024935,0.020213,-0.001944
-0.018338,0.018714,-0.006395
-0.017236,0.013557,-0.002829
-0.016650,0.018051,-0.001944
-0.017979,0.011707,0.002775
-0.017768,0.012987,-0.004231
-0.006567,0.025562,0.004958
-0.002516,0.020084,0.006527
-0.002302,0.021532,0.004097
0.001002,0.033437,-0.003411
0.002392,0.027851,0.000897
0.000620,0.029771,0.001461
-0.003919,0.025958,0.003494
-0.004263,0.026703,0.004916
-0.004702,0.017671,0.004980
0.001860,0.025713,0.009797
-0.002977,0.032642,0.007950
-0.004523,0.026738,0.000983
-0.007332,0.026461,0.004346
-0.004559,0.031684,0.003585
0.000935,0.022361,0.006885
-0.008961,0.025751,0.006453
-0.012970,-0.002601,-0.018567
-0.015728,-0.006318,-0.020358
-0.012709,-0.002327,-0.022975
-0.014197,0.001182,-0.021107
-0.012749,-0.001998,-0.022841
-0.013099,0.001777,-0.021616
-0.010238,-0.001332,-0.022917
-0.011425,-0.008484,-0.023496
-0.013288,-0.010883,-0.022286
-0.010406,-0.004622,-0.016941
-0.016595,0.001982,-0.018867
-0.014862,-0.000775,-0.020248
-0.012474,-0.001206,-0.018953
-0.017202,-0.000596,-0.021333
-0.014846,-0.006363,-0.018781
-0.014953,-0.004287,-0.018689
-0.006641,-0.000925,0.004034
0.005918,-0.004089,0.003122
0.002742,-0.006517,0.006775
0.002153,-0.003611,0.002945
-0.001323,0.001369,0.000057
0.016190,0.021224,0.003333
0.004898,-0.000231,0.003202
0.005267,0.012138,0.001298
-0.000812,-0.011611,0.014328
-0.003172,0.007522,0.003252
0.000989,0.010090,0.005112
0.002371,0.000039,0.005784
0.009546,-0.002067,0.011427
0.012661,0.010577,0.009763
0.011367,0.000851,0.012639
-0.003774,0.009826,0.010740
0.000782,-0.004664,0.015667
0.011212,-0.010206,0.017836
0.014685,-0.002883,0.018430
0.001914,0.001405,0.017418
0.006093,-0.001984,0.012602
0.000085,0.003586,0.021515
0.003441,0.000014,0.015916
-0.001482,0.000612,0.014395
-0.001500,-0.004226,0.021732
0.003526,0.000162,0.021304
-0.000310,0.007907,0.016361
0.005972,0.005501,0.019351
0.005384,-0.000670,0.024610
0.001802,0.000924,0.020102
0.006860,-0.005579,0.019359
0.002557,-0.003619,0.024395
0.009773,-0.003411,0.019789
0.023000,0.001011,0.014843
0.018828,0.002911,0.024035
0.015624,0.004751,0.017745
0.018109,0.002068,0.014945
0.011379,0.017163,0.022712
0.012089,0.000395,0.024003
0.014756,0.008304,0.018439
0.012644,0.002483,0.026535
0.015027,0.003754,0.023135
0.014654,0.011145,0.026032
0.008162,0.008792,0.015386
0.018245,0.003420,0.025813
0.020387,0.006963,0.025341
0.016277,-0.005557,0.026764
0.013424,0.007178,0.025472
0.002796,-0.011611,0.016474
-0.000749,-0.022813,0.010549
0.006443,-0.010776,0.026035
-0.000056,-0.004398,0.015748
0.010412,-0.007190,0.014187
0.006099,-0.002417,0.015831
0.008975,-0.012354,0.010569
0.000158,-0.007896,0.009017
-0.008171,-0.019570,0.020140
0.004929,-0.020726,0.022361
-0.002750,-0.005069,0.018690
0.001082,-0.009249,0.018677
0.002444,-0.012951,0.017711
0.001127,-0.013635,0.011992
0.009662,-0.013623,0.016621
0.000692,-0.009985,0.020416
0.011960,-0.017502,0.013456
0.013835,-0.018800,0.016712
0.015977,-0.017125,0.009530
0.013159,-0.010997,0.011786
0.015432,-0.013845,0.007294
0.010883,-0.007228,0.015090
0.006475,-0.014741,0.014506
0.010575,-0.013954,0.017227
0.014056,-0.019656,0.012775
0.013068,-0.014339,0.017113
0.007031,-0.006218,0.014055
0.008470,-0.012434,0.007304
0.012930,-0.013623,0.014143
0.011822,-0.010515,0.019446
0.010405,-0.022232,0.017264
0.010745,-0.019932,0.020131
-0.007807,0.014545,-0.013378
-0.007541,0.015828,-0.017549
-0.000931,0.015942,-0.017434
-0.007420,0.016765,-0.019209
-0.005004,0.014067,-0.015043
-0.010569,0.020212,-0.016598
-0.009657,0.014180,-0.018158
-0.008287,0.019082,-0.016918
-0.007800,0.016052,-0.013487
-0.006441,0.020154,-0.012062
-0.008508,0.018440,-0.013274
-0.007313,0.019633,-0.018684
-0.002354,0.015744,-0.010546
-0.005996,0.015527,-0.013189
-0.003475,0.011413,-0.013931
-0.008700,0.015979,-0.013326
0.003543,0.008213,-0.016503
-0.002118,0.009174,-0.020981
0.003379,0.005742,-0.017675
0.001495,0.013519,-0.018974
0.008320,0.006879,-0.017994
0.006652,0.016679,-0.017761
0.000569,0.010928,-0.019218
0.001006,0.006936,-0.018791
0.004687,0.002602,-0.014220
0.004307,0.011106,-0.016950
0.001120,0.013990,-0.017655
0.002320,0.011935,-0.014995
0.003312,0.008203,-0.015170
0.003101,0.012061,-0.015610
0.007175,0.008449,-0.014302
-0.000434,0.008215,-0.016789
0.009184,-0.005005,-0.007121
0.004427,-0.012875,-0.019106
0.009709,-0.012438,-0.012149
0.009534,-0.005274,-0.021969
0.015134,-0.004227,-0.017564
0.006527,-0.002723,-0.016484
0.004781,-0.004569,-0.013037
0.012921,-0.008720,-0.014121
0.008762,-0.004148,-0.019772
0.016401,-0.010294,-0.009287
0.003185,-0.004514,-0.009346
0.001922,-0.002463,-0.022425
0.010556,-0.003720,-0.014650
0.002786,-0.000286,-0.013654
0.012416,-0.002986,-0.013245
0.012080,-0.006933,-0.010677
0.004456,-0.003395,-0.017919
0.008995,-0.007570,-0.018981
0.007809,-0.002900,-0.021120
0.005208,-0.001590,-0.019421
0.003242,-0.006727,-0.020075
0.006517,-0.004838,-0.019441
0.004298,-0.001581,-0.019632
0.006422,-0.004050,-0.022655
0.006687,-0.003911,-0.018329
-0.000197,-0.004108,-0.016599
0.006095,0.000291,-0.019046
0.002251,0.000473,-0.020500
0.006406,-0.005734,-0.022576
0.004983,-0.001831,-0.020807
0.008552,-0.003445,-0.019778
0.002619,-0.004916,-0.020698
-0.024407,0.024050,-0.021088
-0.021107,0.022135,-0.019544
-0.017434,0.025881,-0.013537
-0.024205,0.029372,-0.020179
-0.016271,0.027377,-0.022317
-0.026029,0.032526,-0.014922
-0.022402,0.022595,-0.019676
-0.026667,0.027037,-0.018747
-0.027583,0.026122,-0.018088
-0.020681,0.022261,-0.009291
-0.024355,0.031646,-0.014936
-0.021065,0.033083,-0.022363
-0.023861,0.028177,-0.012508
-0.026534,0.025491,-0.017174
-0.018232,0.022257,-0.016906
-0.022795,0.025937,-0.015017
-0.005385,0.022819,-0.008036
-0.001352,0.019892,-0.015501
0.003294,0.019521,-0.014421
-0.001214,0.024525,-0.011579
-0.004424,0.021407,-0.014508
-0.001915,0.029195,-0.016535
-0.001786,0.021593,-0.009852
-0.003071,0.018672,-0.015387
-0.000015,0.015266,-0.016339
0.001157,0.022836,-0.009606
-0.005163,0.024433,-0.012222
0.001260,0.028148,-0.013177
0.001803,0.017660,-0.011995
-0.003443,0.024395,-0.015637
0.000348,0.016475,-0.016891
0.001790,0.023857,-0.009528
-0.052853,0.014429,-0.159838
-0.068403,0.011838,-0.346998
-0.006603,0.011956,-0.263279
-0.079533,0.071819,-0.191669
0.024721,0.105405,-0.455602
0.036401,0.150512,-0.359916
0.088531,0.097743,-0.276780
-0.182982,0.112069,-0.356607
-0.123607,0.024134,-0.272436
0.037192,0.072348,-0.203069
-0.186869,0.130945,-0.185939
0.095273,0.043851,-0.355172
-0.088929,0.140961,-0.273947
-0.076735,0.125849,-0.412767
-0.154821,0.077988,-0.127887
-0.009741,0.096619,-0.315311
0.006718,0.008484,-0.006307
0.013961,0.005230,-0.011122
0.016508,0.011385,-0.001571
0.011898,0.013158,-0.009931
0.014340,0.017230,-0.005953
0.015413,0.019637,-0.008344
0.014427,0.012488,-0.006645
0.009212,0.012469,-0.013390
0.003498,0.000388,-0.002394
0.013504,0.010131,-0.001671
0.006235,0.013828,-0.000105
0.013191,0.014840,-0.010887
0.014702,0.011012,0.001412
0.008731,0.012178,-0.004166
0.019084,0.005219,0.001689
0.004349,0.006362,-0.003159
0.003019,-0.005650,0.013176
0.001395,-0.006086,0.011325
0.006375,-0.010812,0.011509
0.002123,-0.005048,0.009749
0.007941,-0.011456,0.015069
0.007414,0.001635,0.016645
0.005058,-0.001043,0.016569
0.003213,-0.004643,0.009798
0.005502,-0.016153,0.013480
0.004195,-0.006365,0.014291
-0.002007,-0.000391,0.015204
0.002746,-0.005206,0.013266
0.004286,-0.003929,0.013667
0.001434,-0.003742,0.014458
0.005488,-0.009027,0.019159
0.005345,-0.008365,0.016670
0.013746,0.000153,0.009363
0.011440,0.001196,0.008710
0.006503,0.003919,0.011607
0.013012,-0.000351,0.014132
0.014573,0.000953,0.014423
0.005413,-0.001325,0.010919
0.009952,-0.002742,0.010867
0.011186,-0.004292,0.007683
0.015970,0.000295,0.009614
0.010243,-0.001531,0.012268
0.015850,-0.000464,0.011038
0.014219,-0.004139,0.006865
0.012115,0.004020,0.012077
0.013127,-0.002440,0.008555
0.007246,-0.000380,0.007152
0.013284,-0.002903,0.009946
0.014504,-0.004392,0.000565
0.016497,-0.001381,-0.003119
0.017013,-0.004533,0.001825
0.018433,0.001414,-0.001912
0.021402,-0.002129,-0.005546
0.015012,0.005255,0.000776
0.015654,0.002993,-0.000409
0.015025,-0.001656,-0.001271
0.017592,-0.005457,-0.000084
0.019653,-0.001138,0.003912
0.007244,0.003759,0.000636
0.014722,0.002915,-0.003254
0.017197,0.000595,0.009622
0.015820,-0.002632,0.006421
0.015422,-0.003211,0.001070
0.020089,-0.002673,0.001537
0.002271,0.026725,0.020387
0.007742,0.022500,0.014879
0.012355,0.023876,0.013533
0.003801,0.028645,0.008539
0.007119,0.025684,0.011594
0.008540,0.034234,0.015130
0.002518,0.028330,0.013967
0.009424,0.030531,0.013792
0.003983,0.021140,0.015810
0.010475,0.024456,0.014384
0.005193,0.035013,0.016439
0.009160,0.034013,0.010080
0.007892,0.029310,0.018908
0.007057,0.030798,0.014915
0.013463,0.024999,0.011137
0.009171,0.026401,0.018479
0.009655,0.010700,0.006778
0.012571,0.004393,0.007850
0.018541,0.004165,0.008976
0.006267,0.014646,0.005599
0.018962,0.012678,0.000214
0.011747,0.016102,0.007679
0.010523,0.010604,0.006895
0.004010,0.011882,0.008463
0.004088,0.004136,0.006242
0.016950,0.011194,0.010320
0.005555,0.015073,0.006082
0.009250,0.014146,0.006926
0.009611,0.009552,0.010582
0.006011,0.013266,0.009757
0.012095,0.005535,0.009540
0.007666,0.004974,0.011032
-0.014591,0.005647,0.029287
-0.007545,0.000704,0.025645
0.010917,0.002480,0.026445
-0.008965,0.010148,0.017109
-0.002892,0.015497,0.023859
-0.002364,0.011532,0.020666
-0.005425,0.010829,0.019182
-0.005910,0.015988,0.026495
-0.018012,0.002611,0.034980
-0.001470,0.011594,0.031285
-0.022247,0.018432,0.024750
-0.008892,0.014675,0.025616
-0.013243,0.008868,0.032514
-0.009800,0.010892,0.034661
-0.002681,0.007505,0.031069
-0.012840,0.013931,0.027043
-0.017851,0.022877,0.002112
-0.002644,0.015581,0.001450
0.008081,0.023577,0.017220
-0.016205,0.032186,0.006507
-0.004779,0.034074,-0.000791
-0.006923,0.039403,0.003661
-0.006902,0.040241,0.011275
-0.017597,0.025143,0.002892
-0.014026,0.018231,0.011173
0.004260,0.034282,0.019351
-0.023087,0.048735,0.011667
-0.014871,0.049292,0.000583
-0.007704,0.028784,0.008245
-0.013158,0.041294,0.009639
-0.003602,0.022024,0.023416
-0.003805,0.030273,0.009003
0.241712,-0.119404,0.513712
0.212737,0.011110,0.354830
0.382466,-0.174641,0.495063
0.223057,0.016548,0.506369
0.246926,-0.108513,0.297525
0.303778,0.053407,0.470206
0.384072,-0.074275,0.511787
0.132802,-0.120102,0.418272
0.025827,-0.085297,0.528295
0.313915,-0.035410,0.542699
0.157895,-0.063812,0.524826
0.306361,-0.050180,0.401838
0.341139,-0.002025,0.615070
0.147940,-0.022219,0.386229
0.171034,-0.115313,0.599132
0.265118,-0.135207,0.372599
-0.716937,0.008130,-0.144048
-0.640138,-0.115711,-0.116607
-0.592413,-0.049292,-0.054847
-0.646456,0.036227,-0.039661
-0.597950,-0.039981,-0.375197
-0.613769,0.160254,-0.114842
-0.438471,-0.023608,-0.168870
-0.693401,0.021187,-0.320493
-0.696661,-0.041857,-0.003135
-0.561557,0.016628,-0.162381
-0.675250,0.167677,0.002908
-0.507970,-0.032727,-0.302877
-0.545917,0.119442,-0.015076
-0.619901,0.096086,-0.247061
-0.659611,0.075615,0.163454
-0.603157,-0.069245,-0.251076
-0.004260,-0.014906,-0.006242
-0.007160,-0.001056,-0.036650
0.027291,-0.007586,-0.001632
-0.006200,0.020543,-0.027827
0.008705,0.020653,-0.041084
-0.007001,0.006468,-0.038082
0.019230,0.010734,-0.015388
-0.049962,0.026790,-0.038196
-0.084639,0.003096,0.006086
0.016218,0.002152,-0.017982
-0.064484,0.023017,-0.021643
-0.001496,0.016830,-0.005389
-0.003202,-0.009077,-0.004249
-0.023591,0.009974,-0.033310
-0.019322,-0.001690,0.003966
0.003630,0.014130,-0.007592
-0.099551,0.204817,0.013500
-0.175844,0.251523,-0.175414
0.015800,0.265338,-0.112568
-0.107234,0.347261,-0.055020
-0.022357,0.280964,-0.229546
-0.070262,0.608686,0.022295
0.021425,0.400979,-0.132415
-0.266499,0.387374,-0.031824
-0.187877,0.251063,-0.031923
-0.051246,0.416640,0.092360
-0.260746,0.481489,0.040875
-0.091906,0.345375,-0.148929
-0.152904,0.458750,0.066095
-0.158697,0.407855,-0.095550
-0.180619,0.316188,0.075663
-0.113509,0.179514,-0.128757
0.020660,0.165380,0.042032
0.023407,0.136210,-0.122599
0.142171,0.152479,0.033439
0.023197,0.262356,0.024699
0.109365,0.262596,-0.182334
0.150684,0.351137,0.019318
0.168924,0.239208,-0.089515
-0.040190,0.282120,-0.054528
-0.002970,0.138095,-0.013749
0.129404,0.233137,0.083282
-0.054612,0.352864,0.116815
0.124702,0.186540,-0.110501
0.063844,0.346796,0.147817
0.064745,0.322714,-0.076843
-0.006081,0.218185,0.152594
0.024012,0.205337,-0.087782
-0.000241,0.018165,-0.008388
0.008909,0.015496,-0.014670
0.009210,0.013617,-0.006711
0.001078,0.023747,-0.019286
0.010347,0.021375,-0.012938
0.005255,0.028832,-0.012739
0.006499,0.023974,-0.015365
-0.000120,0.021455,-0.015112
-0.003865,0.013176,-0.009025
0.003761,0.023134,-0.001991
-0.002620,0.028488,-0.007772
-0.002512,0.025550,-0.009263
0.005460,0.020048,0.000226
0.003071,0.021913,-0.008140
0.011482,0.014633,-0.006470
0.006298,0.022386,-0.005999
-0.004578,0.008385,0.009441
-0.004190,0.008238,0.010723
0.005691,0.011705,0.007318
-0.002291,0.014592,0.007342
0.001687,0.013220,0.005992
0.001219,0.016456,0.007826
-0.005687,0.009655,0.004388
-0.004689,0.012295,0.009087
-0.012351,0.006973,0.013162
-0.001703,0.011153,0.013192
-0.007975,0.016228,0.007376
-0.001540,0.012173,0.009647
-0.001680,0.006171,0.011762
-0.002341,0.011348,0.010020
0.000598,0.012874,0.006975
-0.002401,0.014917,0.005497
0.005600,0.001057,-0.003427
0.011174,-0.004529,-0.006767
0.012334,-0.007196,-0.007322
0.006075,0.002803,-0.010105
0.013363,0.006088,-0.010557
0.017216,0.002833,-0.007802
0.012651,-0.004945,-0.009187
0.003999,0.000575,-0.007802
0.004996,-0.001167,-0.006246
0.012561,0.000996,-0.005896
0.005223,0.007597,-0.008438
0.011037,-0.001965,-0.010091
0.012213,0.002019,-0.009076
0.010780,-0.003944,-0.007612
0.015594,-0.001012,-0.006667
0.012679,-0.005502,-0.006835
0.009926,0.003658,-0.007957
0.017817,0.005481,-0.012417
0.016454,0.001867,-0.008120
0.013214,0.006762,-0.014700
0.014667,0.004796,-0.016151
0.014885,0.013781,-0.013892
0.014621,0.009062,-0.010025
0.007200,0.002520,-0.011880
0.016072,0.001728,-0.013436
0.014356,0.007050,-0.004276
0.009747,0.007371,-0.011317
0.011176,0.007411,-0.012194
0.011216,0.002788,-0.007211
0.012234,0.010479,-0.009390
0.014035,-0.001291,-0.009151
0.012268,0.002543,-0.006480
0.000388,-0.011355,-0.014021
-0.007751,-0.012320,-0.016319
0.000241,-0.007788,-0.015074
-0.000959,-0.009392,-0.017523
0.002727,-0.011290,-0.013866
-0.003679,-0.008441,-0.009828
-0.000349,-0.010740,-0.015500
0.001122,-0.005286,-0.013804
-0.007368,-0.013553,-0.010440
0.001349,-0.005394,-0.012383
0.000246,-0.005707,-0.015767
-0.005229,-0.002522,-0.015688
0.000505,-0.011411,-0.010487
-0.004924,-0.008738,-0.015307
0.000851,-0.010560,-0.007803
-0.003841,-0.009372,-0.013172
0.008181,-0.024249,-0.008863
0.009029,-0.021568,-0.007870
0.007784,-0.025938,-0.006335
0.006681,-0.020401,-0.008670
0.007892,-0.018596,-0.010704
0.009076,-0.018968,-0.011076
0.005724,-0.023972,-0.009586
0.010195,-0.024312,-0.011494
0.006998,-0.023578,-0.006538
0.004944,-0.027902,-0.012134
0.007602,-0.019772,-0.008090
0.009119,-0.027275,-0.010248
0.006696,-0.024728,-0.007947
0.007598,-0.024118,-0.008196
0.009622,-0.023962,-0.009962
0.006746,-0.025720,-0.013336
-0.010989,0.024409,0.022030
-0.013975,0.004016,0.017815
0.006205,0.025280,0.023178
-0.012532,0.026851,0.017843
-0.004443,0.028038,0.015951
-0.004862,0.031883,0.019406
0.001075,0.029041,0.018370
-0.007961,0.025255,0.021281
-0.017222,0.002998,0.026191
-0.010239,0.024777,0.024510
-0.014955,0.028815,0.029097
-0.002301,0.039279,0.014540
-0.003180,0.020734,0.013164
-0.003831,0.023966,0.017793
-0.000353,0.019113,0.019574
-0.004957,0.022976,0.021360
0.124138,-0.036062,0.608997
0.015128,0.022459,0.392378
0.256708,0.025567,0.521977
0.035261,0.029931,0.486281
0.276738,0.083129,0.365438
0.294414,0.099297,0.586390
0.204687,0.034271,0.596580
-0.027814,0.068638,0.600340
0.084494,0.059676,0.571927
0.073396,0.039491,0.681377
0.075048,0.072681,0.474505
0.191352,0.014446,0.458381
0.145955,0.101648,0.565325
0.096127,0.056501,0.320329
0.218057,0.005746,0.690027
0.145285,0.032517,0.399912
-0.016099,0.013224,-0.003291
-0.016354,0.013299,-0.004849
-0.009511,0.009706,-0.000110
-0.016673,0.023153,-0.005738
-0.009813,0.024158,-0.010460
-0.011170,0.028173,-0.004516
-0.016404,0.017134,-0.004964
-0.014335,0.023624,-0.006963
-0.017479,0.010443,-0.001520
-0.016520,0.019205,0.002328
-0.016158,0.026015,-0.001843
-0.012649,0.024184,-0.006161
-0.015842,0.014607,0.001363
-0.014921,0.020228,-0.003976
-0.009449,0.011401,-0.001652
-0.013993,0.022343,0.002146
-0.022285,0.011766,0.016409
-0.020415,0.014139,0.013817
-0.011278,0.004903,0.017771
-0.018461,0.019264,0.018981
-0.017532,0.015403,0.019011
-0.015219,0.017409,0.015235
-0.023462,0.021039,0.009991
-0.022640,0.017471,0.007311
-0.020191,0.011931,0.013345
-0.020825,0.020547,0.011485
-0.022480,0.026077,0.020049
-0.022180,0.020117,0.017854
-0.014884,0.012450,0.014253
-0.017638,0.016263,0.023469
-0.018317,0.017872,0.013978
-0.020399,0.016087,0.019566
-0.003046,-0.021508,0.012878
-0.000377,-0.021703,0.013952
0.003530,-0.020853,0.015733
0.000785,-0.014725,0.007739
0.002927,-0.017805,0.010962
0.002478,-0.017408,0.016320
-0.001406,-0.017884,0.011155
-0.005566,-0.014068,0.010205
-0.004448,-0.022664,0.016090
-0.000124,-0.019174,0.016817
-0.007732,-0.009547,0.017090
-0.000042,-0.015649,0.010675
0.001533,-0.022032,0.023042
-0.000561,-0.018079,0.016348
0.002177,-0.023935,0.015894
-0.000627,-0.013327,0.016411
-0.009569,-0.028775,0.011333
-0.005826,-0.025407,0.005300
-0.001518,-0.031304,0.010125
-0.005689,-0.025146,0.008429
-0.000850,-0.028360,0.002489
-0.002361,-0.018270,0.016754
-0.005229,-0.020525,0.010361
-0.008538,-0.022554,0.012761
-0.006205,-0.031104,0.014850
0.000207,-0.025368,0.015287
-0.009030,-0.020142,0.013435
-0.007873,-0.018642,0.007143
0.000064,-0.032768,0.013808
-0.002521,-0.022597,0.011874
-0.003124,-0.031805,0.013917
-0.004647,-0.027288,0.014899
-0.585332,-0.077198,0.228967
-0.612989,-0.112802,0.061770
-0.499234,-0.086781,0.116469
-0.507097,-0.012403,0.214328
-0.406770,-0.063529,-0.052303
-0.413740,0.077509,0.061770
-0.308344,0.022803,0.068458
-0.647882,0.017596,0.134883
-0.621378,-0.034461,0.228755
-0.384139,0.034468,0.211402
-0.685019,0.075648,0.317513
-0.341485,-0.113096,0.016432
-0.534404,0.087532,0.152492
-0.568311,0.004142,0.037864
-0.555255,0.011151,0.328827
-0.512453,-0.102679,-0.031539
-0.273825,-0.042180,0.471286
-0.290089,-0.092209,0.534125
0.028358,-0.013918,0.622360
-0.277897,-0.020742,0.606330
-0.144344,0.021242,0.515733
-0.062500,0.053900,0.557245
-0.008525,-0.011150,0.488614
-0.373229,0.031706,0.480115
-0.416711,0.007331,0.585474
-0.212267,0.034939,0.598421
-0.311099,0.079008,0.568762
-0.112051,-0.049497,0.586264
-0.112891,0.067890,0.684364
-0.267755,0.022663,0.393268
-0.320400,0.037235,0.707457
-0.179125,-0.051340,0.429600
0.002128,-0.009110,-0.014102
0.007079,-0.008087,-0.012500
0.008766,-0.008960,-0.016294
0.004787,-0.000840,-0.018742
0.009692,-0.009200,-0.018974
0.008162,0.002135,-0.017168
0.001821,-0.008223,-0.017974
0.004703,-0.007624,-0.016178
0.012558,-0.009219,-0.015003
0.004493,-0.004288,-0.009850
0.003815,0.000951,-0.013383
0.006419,-0.001532,-0.017481
0.008234,-0.008015,-0.013177
0.009799,-0.000816,-0.016361
0.008193,-0.011960,-0.014098
0.005644,-0.006736,-0.012819
0.000660,-0.006055,-0.011329
0.006921,-0.005271,-0.013002
0.007180,-0.006628,-0.012096
0.002870,-0.002843,-0.014098
0.003491,-0.007403,-0.017442
0.000512,0.004029,-0.012785
0.002087,0.000503,-0.011445
0.002267,-0.004211,-0.008495
0.002127,-0.007465,-0.013850
0.003843,-0.007515,-0.009343
0.004743,0.001254,-0.013739
0.003493,0.000205,-0.011954
0.003883,-0.007483,-0.010017
0.001799,-0.000991,-0.013316
0.003648,-0.012855,-0.009161
0.004418,-0.007290,-0.007284
0.011616,-0.004412,0.000823
0.007828,-0.006244,-0.006674
0.014642,-0.008392,-0.001488
0.008105,-0.000127,-0.012686
0.010115,0.001565,-0.010432
0.012431,0.006808,-0.000280
0.004357,0.001002,-0.001263
0.005768,0.005535,-0.000995
0.008432,-0.012038,-0.001911
0.011806,-0.000616,0.002418
0.006470,0.006437,-0.004907
0.009791,0.003838,-0.005409
0.011990,-0.002563,-0.001764
0.006969,-0.003204,-0.005523
0.013844,-0.002134,0.004757
0.009730,-0.005128,0.000665
0.015756,0.025462,0.013471
0.016589,0.025210,0.009708
0.018986,0.025511,0.004922
0.012506,0.032414,0.006892
0.021285,0.030105,0.004861
0.016503,0.029060,0.013085
0.014445,0.031871,0.010965
0.016173,0.024456,0.010066
0.012114,0.022405,0.011567
0.012943,0.026594,0.010193
0.011614,0.034517,0.008694
0.015349,0.029463,0.006498
0.015278,0.028856,0.007996
0.015914,0.028477,0.009546
0.017103,0.020520,0.010985
0.015234,0.027171,0.007340
0.005379,0.004785,0.005668
0.004383,0.012018,0.001992
0.001656,0.009401,0.006816
0.008825,0.008880,0.002041
0.007965,0.009854,0.005500
0.005874,0.018487,0.006960
0.004820,0.007020,0.006140
0.003463,0.003990,0.007476
0.010755,0.006028,0.010287
0.014261,0.009672,0.017679
0.005029,0.011929,0.010978
0.011795,0.013873,0.006632
0.007761,0.008095,0.012903
0.005486,0.003485,0.008900
0.012683,0.007217,0.011147
0.014050,0.007190,0.011157
-0.030837,-0.053280,0.426617
-0.073213,0.006959,0.146588
0.117594,-0.051631,0.373259
-0.032644,0.017284,0.370433
0.069197,0.062553,0.140895
0.044159,0.087552,0.308959
0.128163,0.038516,0.269711
-0.199049,0.037316,0.221444
-0.142595,-0.061852,0.319068
0.041362,0.017263,0.511084
-0.099895,0.066898,0.436198
0.056835,0.019109,0.184512
0.006373,0.079544,0.471360
-0.066765,0.087883,0.175302
-0.172386,-0.061948,0.469996
-0.042989,0.037867,0.225640
-0.003638,0.008564,-0.011739
0.002231,0.003461,-0.011538
0.004334,0.005334,-0.006522
-0.004397,0.012794,-0.019415
-0.000351,0.009164,-0.015568
-0.003061,0.019162,-0.009423
-0.004169,0.014330,-0.012407
-0.004194,0.010446,-0.014851
-0.005221,0.005624,-0.013463
0.001292,0.007298,-0.003830
-0.008241,0.013753,-0.008778
-0.004653,0.015846,-0.011325
-0.003611,0.009010,-0.003248
-0.001613,0.011631,-0.010763
-0.000060,0.003238,-0.011625
0.003255,0.011676,-0.004954
0.013539,0.008957,0.021353
0.012923,0.008813,0.018161
0.013820,0.012798,0.021520
0.016278,0.013042,0.021343
0.018647,0.013573,0.021004
0.010963,0.018869,0.019594
0.011614,0.009472,0.021839
0.013450,0.014089,0.018207
0.017105,0.008097,0.020843
0.012899,0.014514,0.025295
0.012559,0.017289,0.022878
0.013686,0.017579,0.015739
0.017659,0.013593,0.026882
0.016737,0.015394,0.022892
0.015338,0.008748,0.023916
0.011655,0.014431,0.023200
-0.364804,-0.014931,-0.236609
-0.440076,-0.067903,-0.372926
-0.186715,-0.029358,-0.355233
-0.395908,0.039848,-0.336260
-0.179095,0.048218,-0.500181
-0.136094,0.082199,-0.426777
-0.024487,0.063680,-0.377343
-0.488782,0.072270,-0.427509
-0.506708,-0.004483,-0.376101
-0.235262,0.054008,-0.301834
-0.540744,0.069067,-0.291033
-0.082048,0.016564,-0.454870
-0.325533,0.082170,-0.308844
-0.376036,0.037449,-0.443393
-0.427113,0.050928,-0.228975
-0.271857,0.020494,-0.424057
-0.021988,-0.017703,-0.048332
-0.031947,-0.019866,-0.034567
-0.013859,-0.014251,-0.047300
-0.030399,-0.007896,-0.051960
-0.020662,-0.001568,-0.051305
-0.015676,-0.005343,-0.043284
-0.027990,-0.014295,-0.052840
-0.029209,-0.006807,-0.044204
-0.032164,-0.025297,-0.048043
-0.029713,-0.013222,-0.048610
-0.031146,-0.004669,-0.051090
-0.021415,-0.010779,-0.037115
-0.030033,-0.014085,-0.046849
-0.029788,-0.007321,-0.046327
-0.018551,-0.014766,-0.045931
-0.028893,-0.018705,-0.041622
-0.013173,0.005762,-0.030601
-0.010059,-0.005701,-0.030823
0.000739,-0.002721,-0.033677
-0.010064,0.003657,-0.035456
-0.007067,0.006513,-0.033099
-0.015058,0.011976,-0.029950
-0.017253,0.005519,-0.029424
-0.014734,0.008605,-0.031646
-0.004774,0.004749,-0.027361
-0.009255,0.005975,-0.019459
-0.013934,0.012035,-0.026424
-0.007896,0.005025,-0.033847
-0.004625,0.002111,-0.023105
-0.006889,0.004625,-0.030356
-0.006045,-0.003639,-0.029418
-0.014938,0.000843,-0.026246
0.122334,0.008265,0.260621
0.072703,-0.009999,0.082145
0.148633,-0.027978,0.249467
0.087168,0.068358,0.208569
0.135964,-0.078724,0.088632
0.192038,0.118546,0.224675
0.155124,0.041085,0.077877
0.017885,0.083784,0.071170
0.011557,-0.010483,0.176471
0.192024,0.069832,0.339153
0.013313,0.120700,0.244763
0.130658,0.100557,0.114023
0.081477,0.103498,0.334143
0.086193,0.127145,0.116080
0.042803,0.024229,0.286447
0.081376,-0.016755,0.175569
-0.017139,0.017971,-0.028372
-0.016851,0.013044,-0.031428
-0.011014,0.012060,-0.027396
-0.017356,0.021842,-0.033711
-0.010630,0.019601,-0.036434
-0.018278,0.022515,-0.028628
-0.017975,0.018743,-0.028200
-0.020156,0.020232,-0.030056
-0.019425,0.013681,-0.029965
-0.014883,0.016502,-0.021399
-0.022285,0.019587,-0.027535
-0.018987,0.019724,-0.030293
-0.014191,0.012939,-0.026599
-0.017881,0.015854,-0.026400
-0.016559,0.013530,-0.027693
-0.015267,0.018198,-0.025037
0.008200,-0.006978,-0.014639
0.011540,-0.006712,-0.015815
0.015591,-0.007671,-0.008216
0.014913,-0.000742,-0.017354
0.012064,-0.002972,-0.015673
0.010309,0.008309,-0.010627
0.007440,-0.001448,-0.013422
0.006919,-0.003882,-0.016415
0.009637,-0.010513,-0.013088
0.012643,-0.001843,-0.008322
0.006471,0.002186,-0.008796
0.006470,-0.000643,-0.017066
0.008796,-0.003272,-0.011019
0.006492,0.003592,-0.011142
0.011934,-0.005614,-0.004902
0.011726,-0.005597,-0.009681
0.006160,0.016272,0.001185
0.010641,0.014118,-0.001706
0.015588,0.014677,0.001324
0.006960,0.019230,-0.007202
0.015037,0.016387,-0.004905
0.010561,0.023322,0.000401
0.008745,0.015153,-0.005681
0.000389,0.019273,0.001862
0.004587,0.015924,0.000436
0.005793,0.021274,0.003609
0.002598,0.021177,0.003152
0.003699,0.025298,-0.004934
0.003272,0.019703,0.004189
0.007401,0.020751,0.005494
0.012530,0.015207,0.007290
0.011539,0.018625,0.005615
-0.010243,0.017723,0.001895
-0.007580,0.015509,0.001360
-0.007056,0.013285,0.006768
-0.007329,0.020226,0.003842
-0.001559,0.021196,0.004627
-0.004187,0.026995,0.004704
-0.008978,0.022901,0.007094
-0.009360,0.018764,0.004803
-0.010154,0.012607,0.004281
-0.005678,0.018307,0.010229
-0.013451,0.025260,0.007652
-0.011314,0.019896,0.003978
-0.009346,0.020604,0.006716
-0.007079,0.023360,0.008215
-0.006923,0.016659,0.010430
-0.004845,0.017448,0.007717
-0.006886,0.004802,-0.004263
0.001374,0.008894,-0.003263
0.001293,0.006379,0.002480
-0.003122,0.008075,-0.008486
-0.004393,0.006615,-0.002396
-0.002069,0.016044,-0.004181
0.000213,0.011702,-0.000804
-0.005258,0.007841,-0.006314
-0.004653,0.006380,-0.002481
-0.007422,0.009670,-0.003036
-0.006089,0.014979,-0.003055
-0.003024,0.008345,-0.009452
-0.002330,0.008437,-0.001480
-0.000569,0.011727,-0.004047
0.002783,0.005849,-0.003321
-0.005054,0.006403,-0.002451
0.012762,0.019627,0.013096
0.017442,0.019695,0.006123
0.017068,0.018532,0.012232
0.011421,0.025387,0.010448
0.020366,0.017891,0.009127
0.016151,0.026787,0.009270
0.016377,0.019083,0.011072
0.019446,0.021266,0.009377
0.020551,0.017870,0.006982
0.019173,0.021100,0.016330
0.012050,0.024718,0.016028
0.013119,0.025575,0.011509
0.013212,0.024091,0.014018
0.014857,0.025584,0.013846
0.018517,0.019850,0.017528
0.016414,0.023454,0.017728
-0.006807,0.002323,0.002808
-0.003872,0.001515,0.000603
0.000408,0.003821,-0.000903
-0.002417,0.005147,-0.003116
-0.002490,0.006923,-0.000390
-0.007582,0.010496,-0.001850
-0.007918,0.005787,0.001509
-0.007973,0.007092,-0.006669
-0.004656,-0.001550,-0.002718
-0.005261,0.003956,0.005581
-0.007312,0.002548,0.003967
-0.005017,0.008817,-0.001811
-0.007224,0.003247,0.009004
-0.007508,0.005153,-0.001688
-0.003655,-0.003307,0.002375
-0.004282,0.007982,0.004015
-0.006133,0.001101,-0.007541
-0.006216,-0.001829,-0.003238
-0.001428,0.001572,-0.003765
-0.007874,0.011011,-0.000931
-0.002710,0.006601,-0.000876
-0.013409,0.008662,-0.001634
-0.010640,0.005775,-0.003634
-0.011556,0.003806,-0.004858
-0.005645,-0.000647,-0.006404
-0.005307,0.008602,0.003632
-0.010245,0.010816,-0.003010
-0.009365,0.009824,-0.008443
-0.003315,0.004690,0.001062
-0.008786,0.005032,-0.001877
-0.004402,-0.000275,0.001856
-0.006986,0.001819,-0.000860
0.013982,-0.007056,0.007647
0.010987,-0.011766,0.000484
0.013397,-0.012159,0.005270
0.017466,-0.006515,0.003700
0.016251,-0.005848,0.002244
0.018818,-0.006462,0.006263
0.012235,-0.004780,0.007840
0.018698,-0.009986,0.001551
0.013238,-0.011612,0.007414
0.014638,-0.006967,0.006454
0.014525,-0.004609,0.003380
0.012292,-0.004402,0.002126
0.018829,-0.008227,0.007235
0.015932,-0.009133,0.004817
0.018346,-0.008031,0.010451
0.018775,-0.009183,0.008920
0.008125,-0.017750,-0.010868
0.020704,-0.032450,-0.017046
0.020478,-0.026733,-0.010533
0.012394,-0.017240,-0.021806
0.019848,-0.017307,-0.015414
0.019098,-0.009485,-0.010993
0.014340,-0.017707,-0.015678
0.012681,-0.010889,-0.017425
0.011899,-0.023997,-0.009837
0.023191,-0.017358,-0.009615
0.012136,-0.000166,-0.009165
0.014643,-0.010530,-0.015751
0.019619,-0.022525,-0.003596
0.016535,-0.012783,-0.007855
0.025960,-0.026215,-0.017388
0.020382,-0.019260,-0.003280
0.009594,0.011479,0.018464
0.012150,0.004849,0.009505
0.014345,0.011006,0.015199
0.012818,0.013480,0.009030
0.017237,0.015141,0.016120
0.015312,0.018920,0.011442
0.018104,0.008389,0.011550
0.013636,0.017635,0.010001
0.008680,0.005128,0.019439
0.016163,0.009891,0.020044
0.005175,0.008867,0.014189
0.016050,0.014034,0.009968
0.013988,0.008720,0.020494
0.013889,0.015210,0.013246
0.017503,0.004879,0.026212
0.011292,0.011815,0.019419
0.020301,-0.006091,0.038910
0.024953,-0.000268,0.030605
0.025403,0.002257,0.033638
0.024194,0.005635,0.038491
0.029296,0.001130,0.037428
0.029696,0.006905,0.030023
0.022639,0.001329,0.033737
0.023961,-0.003456,0.029946
0.023988,-0.001330,0.037170
0.028819,0.003613,0.039740
0.025011,0.006626,0.037960
0.025177,0.006516,0.035634
0.025910,-0.003756,0.036122
0.023978,0.003122,0.032392
0.031108,-0.000361,0.036039
0.025245,0.003036,0.038219
0.043139,-0.075843,-0.029699
-0.000743,0.047709,-0.217176
0.087351,-0.070786,-0.102679
0.051076,0.083545,-0.014613
0.127133,0.002480,-0.342671
0.054360,0.138846,-0.182320
0.115153,0.095664,-0.137134
0.010174,0.051054,-0.118917
-0.015766,-0.041199,-0.105076
0.126818,0.119187,-0.043024
-0.026051,0.121552,-0.052652
0.049747,0.064420,-0.161079
0.084277,0.148476,-0.053303
-0.020547,0.132639,-0.124396
0.001508,-0.051257,-0.018160
0.103372,-0.044770,-0.161165
0.120999,0.018161,-0.209738
0.010889,0.066694,-0.333449
0.156954,0.056913,-0.254647
0.075966,0.077284,-0.165799
0.171545,0.047438,-0.384679
0.132956,0.107813,-0.248679
0.139162,0.084984,-0.334254
0.057822,0.043581,-0.329552
0.014721,0.058237,-0.266229
0.146744,0.068722,-0.173605
0.030488,0.098137,-0.251535
0.092712,0.004699,-0.240171
0.080991,0.087126,-0.262543
0.074750,0.097109,-0.349975
0.006001,0.055146,-0.160850
0.098682,0.006906,-0.281302
0.002455,0.006367,-0.004897
0.008117,0.015241,-0.011319
0.009289,0.009861,-0.008081
0.008632,0.013160,-0.008665
0.003387,0.009046,-0.006085
0.003937,0.010542,-0.008498
0.007378,0.014752,-0.006210
0.007101,0.008312,-0.007499
0.008237,0.012526,-0.010304
0.012057,0.011762,-0.003453
0.010226,0.013748,-0.003009
0.005322,0.014369,-0.012954
0.009562,0.008874,-0.006196
0.009337,0.012587,-0.003167
0.011372,0.008833,-0.006428
0.011191,0.008869,-0.005688
0.013061,0.007412,-0.001537
0.018460,0.004002,-0.008683
0.017724,0.005004,-0.005438
0.016337,0.012384,-0.007708
0.018441,0.003894,-0.004318
0.016362,0.016912,-0.006681
0.013319,0.005375,-0.006540
0.014081,0.001139,-0.007044
0.012592,0.000012,-0.005852
0.023095,0.007484,-0.001153
0.010816,0.011051,-0.004880
0.017401,0.010734,-0.008583
0.017506,0.006174,-0.000369
0.020413,0.007812,-0.004060
0.019420,0.000298,-0.003268
0.021089,0.002520,-0.002686
0.034271,-0.001915,-0.016949
0.017921,0.003863,-0.016096
0.026333,-0.002699,-0.017549
0.027518,-0.000924,-0.013327
0.021342,-0.008843,-0.011458
0.024466,-0.014571,-0.024993
0.026485,-0.001418,-0.009872
0.034232,-0.016966,-0.015450
0.034174,-0.004679,-0.029632
0.029984,-0.004993,-0.012535
0.034920,-0.000108,-0.015978
0.029146,-0.006328,-0.012618
0.028027,0.001223,-0.030567
0.025847,-0.003094,-0.020060
0.031925,0.007521,-0.016739
0.027483,-0.000841,-0.018292
0.049720,-0.000138,-0.020176
0.032181,0.001731,-0.035526
0.055182,0.007313,-0.024429
0.045423,0.007617,-0.025862
0.056100,0.004762,-0.036828
0.042758,0.008270,-0.024867
0.048697,0.003794,-0.025207
0.048359,-0.000443,-0.030023
0.045129,-0.009952,-0.022643
0.048257,-0.004267,-0.001359
0.041313,0.004661,-0.014995
0.044020,0.004654,-0.032383
0.052163,-0.000514,-0.017536
0.038619,0.002005,-0.019741
0.046665,-0.005711,-0.013696
0.036653,0.002453,-0.026425
0.002405,-0.012774,0.014370
0.011187,-0.015149,0.007870
0.007566,-0.013433,0.012653
0.008812,-0.007832,0.003540
0.013410,-0.007948,0.008770
0.012844,0.000946,0.011783
0.008938,-0.010523,0.010671
0.005961,-0.010397,0.006570
0.008173,-0.019711,0.011664
0.009130,-0.009809,0.012935
0.007453,0.000944,0.016602
0.007410,-0.007311,0.004494
0.009628,-0.005502,0.015176
0.009076,-0.003051,0.013478
0.007240,-0.012641,0.016333
0.009375,-0.009349,0.014465
-0.000966,-0.020151,0.029018
0.000125,-0.024001,0.029139
0.008325,-0.016943,0.031292
-0.003135,-0.019813,0.029553
0.005588,-0.018268,0.031415
0.003101,-0.008641,0.033087
-0.004178,-0.019387,0.032014
0.001179,-0.015900,0.032274
0.004240,-0.023320,0.030849
-0.001462,-0.016940,0.040107
-0.007102,-0.013735,0.033260
-0.000958,-0.013443,0.032234
0.000367,-0.020361,0.030960
0.004239,-0.011392,0.032594
-0.000340,-0.024439,0.038043
-0.004661,-0.012480,0.034227
0.003908,0.004836,-0.010625
0.009680,0.006441,-0.010558
0.013008,0.000741,-0.009386
0.011229,0.011862,-0.016581
0.012621,0.011493,-0.019394
0.016381,0.017000,-0.011378
0.007164,0.013707,-0.012648
0.000217,0.013355,-0.015075
0.000477,0.004983,-0.011539
0.009455,0.006850,-0.012880
0.001579,0.016100,-0.005408
0.003638,0.008156,-0.008264
0.005150,0.004301,-0.009757
0.008408,0.009353,-0.006502
0.011482,0.002421,-0.009803
0.004903,0.010369,-0.008612
0.016832,0.003554,0.008858
0.021704,-0.000714,0.002928
0.024631,0.003194,0.008942
0.021451,0.009115,0.000824
0.025202,0.003200,0.004773
0.023940,0.008849,0.003164
0.020643,0.005430,0.006579
0.017445,0.008412,0.002195
0.017097,0.000456,0.008432
0.022548,0.006027,0.009265
0.014060,0.007892,0.008124
0.023298,0.007511,0.006145
0.019458,0.001881,0.010797
0.018063,0.007081,0.005509
0.026098,-0.001990,0.012452
0.019429,0.004029,0.011071
0.020329,-0.010666,-0.022624
0.034494,-0.011361,-0.021027
0.032886,-0.007725,-0.014986
0.017906,-0.001396,-0.021840
0.029067,-0.000175,-0.023516
0.022027,0.005398,-0.019046
0.023550,-0.003798,-0.021641
0.021521,0.000437,-0.025626
0.020023,-0.004059,-0.028131
0.025999,-0.005444,-0.019186
0.023953,0.001292,-0.016181
0.016944,0.003094,-0.019447
0.021601,-0.002882,-0.016607
0.024713,0.000429,-0.022442
0.030175,-0.010128,-0.021352
0.024335,0.000699,-0.017279
-0.000948,-0.007140,-0.004362
0.004830,-0.007634,-0.009116
-0.001914,-0.000571,-0.002824
0.002501,0.001624,-0.009919
0.003396,-0.007275,-0.012138
-0.004057,-0.001324,-0.007592
0.000122,-0.001952,-0.001650
-0.001039,-0.011387,-0.008128
0.003712,-0.006020,-0.009387
-0.002966,-0.004176,0.003362
-0.009346,0.001265,-0.009123
0.000254,0.002647,-0.004527
0.002970,-0.000441,-0.004872
-0.000108,-0.012484,-0.011509
0.002665,-0.006893,-0.006970
0.006412,-0.004792,-0.000195
0.001456,-0.005080,-0.005651
0.007968,-0.004709,-0.010810
0.005452,-0.008638,-0.009284
0.005121,-0.007664,-0.010310
0.004231,-0.004297,-0.011486
0.009605,0.005060,-0.010083
-0.003538,-0.001191,-0.007221
0.006187,-0.001003,-0.014479
0.004613,-0.009441,-0.012403
0.008067,-0.006484,-0.006724
0.001379,0.000888,-0.003665
0.000346,-0.002868,-0.009661
0.005185,-0.009834,-0.011857
0.006661,0.001132,-0.009104
0.005287,-0.011016,-0.006018
0.005558,-0.004438,-0.006567
-0.014681,-0.009998,-0.002174
-0.007295,-0.012918,-0.002273
-0.007280,-0.009525,0.006289
-0.010328,-0.003130,-0.002149
-0.005333,-0.005728,-0.001756
-0.011536,0.000876,-0.003997
-0.008818,0.000407,-0.000805
-0.014582,-0.006942,-0.000226
-0.009179,-0.011309,-0.003723
-0.003467,-0.002408,0.004583
-0.012641,0.002719,0.003164
-0.011538,0.000750,-0.001635
-0.012477,-0.005257,0.002144
-0.017854,0.002609,0.005052
-0.009086,-0.010108,0.007594
-0.008346,-0.007228,0.005780
-0.351980,-0.202174,-0.100280
-0.325976,-0.162779,-0.259380
-0.057430,-0.188337,-0.038466
-0.303151,-0.141462,-0.031468
-0.065107,-0.134624,-0.312511
-0.171283,-0.075497,-0.178228
-0.038626,-0.171537,-0.178850
-0.447904,-0.185042,-0.161405
-0.459911,-0.163915,-0.045892
-0.133666,-0.188280,-0.008443
-0.407362,-0.079798,-0.059909
-0.195922,-0.199982,-0.179975
-0.191776,-0.109825,-0.024437
-0.291601,-0.087263,-0.201405
-0.407750,-0.176901,0.046811
-0.262783,-0.124215,-0.264893
-0.125941,-0.192829,0.352639
-0.105553,-0.226493,0.141497
0.216385,-0.228438,0.326910
-0.072520,-0.144332,0.423706
0.078729,-0.206193,0.062007
0.054642,-0.137136,0.247581
0.179187,-0.145843,0.234063
-0.268359,-0.163947,0.145554
-0.223939,-0.227003,0.264855
0.048819,-0.160165,0.397513
-0.270095,-0.104993,0.325010
0.029144,-0.176172,0.283500
-0.055953,-0.089449,0.359420
-0.182531,-0.093350,0.218634
-0.224993,-0.186593,0.397457
-0.122190,-0.170734,0.255992
-0.025967,0.011402,-0.004577
-0.012087,0.010505,-0.007162
-0.013989,0.013205,-0.001752
-0.020222,0.019104,-0.008493
-0.014126,0.015180,-0.002722
-0.016376,0.021859,-0.006114
-0.013018,0.016689,-0.008896
-0.014835,0.018224,-0.006661
-0.020043,0.014217,-0.000026
-0.011512,0.017791,-0.002054
-0.015488,0.020718,-0.002289
-0.018995,0.019493,-0.012270
-0.018850,0.017026,-0.002330
-0.016209,0.023759,-0.001378
-0.014368,0.012832,-0.001458
-0.022183,0.014054,-0.002213
-0.010523,0.018426,-0.013576
-0.000908,0.021155,-0.014365
-0.004313,0.017402,-0.008780
-0.003586,0.030743,-0.024768
-0.001242,0.028527,-0.020941
-0.008690,0.031424,-0.025515
-0.000586,0.021119,-0.024452
-0.009075,0.026778,-0.020891
-0.012869,0.014951,-0.020759
0.000981,0.017970,-0.010048
-0.006195,0.030825,-0.016711
-0.007925,0.028772,-0.027662
-0.007191,0.020294,-0.012820
-0.004267,0.039637,-0.018771
-0.000012,0.024897,-0.011506
-0.010325,0.022939,-0.010874
-0.001294,0.012209,-0.003656
-0.003151,0.009522,-0.008173
0.000539,0.012416,-0.002633
-0.001541,0.022016,-0.009073
0.003909,0.015756,-0.005015
-0.006662,0.026223,-0.000955
-0.002501,0.018886,-0.004568
-0.005992,0.018811,-0.007597
-0.003763,0.010616,-0.002262
-0.003423,0.017511,-0.000008
-0.002746,0.022788,0.001904
-0.001855,0.023039,-0.002213
-0.003719,0.012949,0.003740
-0.004065,0.016083,-0.003564
0.001596,0.010073,0.003847
-0.001797,0.016120,0.000911
0.015256,0.010415,0.002214
0.025979,-0.004641,0.001111
0.030086,0.000174,0.003591
0.017257,0.010857,-0.002501
0.026234,0.002779,-0.005915
0.028004,0.016921,0.000414
0.020884,0.008324,-0.002391
0.016425,0.005640,0.000237
0.014007,0.000086,0.003892
0.024988,0.008437,0.007066
0.009470,0.015495,0.004613
0.014316,0.005750,0.001864
0.015978,0.002316,-0.000057
0.024525,0.008343,0.008162
0.027234,0.000758,0.003452
0.023148,-0.000282,0.005090
-0.007882,-0.020739,0.023064
0.007073,-0.012507,0.030318
-0.003366,-0.013019,0.019906
0.001199,-0.024880,0.027921
-0.006097,-0.012646,0.030524
0.005328,-0.021804,0.018195
0.004905,-0.017376,0.029008
0.001187,-0.012712,0.014326
-0.003982,-0.010675,0.019104
-0.003999,-0.024175,0.020677
0.002579,-0.007849,0.025673
0.018144,-0.029836,0.023995
0.004857,-0.015935,0.029867
0.002702,-0.012633,0.013846
0.003228,-0.017112,0.015218
-0.001847,-0.011571,0.022402
0.090560,-0.175685,0.210477
-0.019719,-0.148574,-0.098130
0.150629,-0.203023,0.061301
-0.020588,-0.104213,0.104719
0.093101,-0.182255,-0.150530
0.070154,-0.033827,0.065062
0.117337,-0.188682,0.005988
-0.081679,-0.138481,0.017557
-0.208039,-0.139211,0.007191
0.114239,-0.140751,0.139986
-0.156646,-0.084527,0.119741
0.047516,-0.161529,0.046890
0.023794,0.005258,0.119734
-0.061160,-0.061114,-0.078864
-0.091365,-0.192033,0.212703
0.046326,-0.190968,-0.046170
-0.446487,0.096780,0.073848
-0.468019,0.099102,-0.037204
-0.335364,0.099283,0.079707
-0.393776,0.201753,0.034385
-0.336292,0.134127,-0.133919
-0.274678,0.316860,0.003651
-0.174310,0.236904,0.039388
-0.553618,0.234073,0.038578
-0.559826,0.113649,0.126390
-0.275652,0.216375,0.106190
-0.479587,0.285694,0.134994
-0.259839,0.143386,-0.033056
-0.350850,0.237746,0.200690
-0.437401,0.205319,-0.052046
-0.455489,0.087296,0.206487
-0.359915,0.053707,0.001753
0.000778,0.022048,0.022512
0.004731,0.021099,0.022258
0.005919,0.011662,0.025678
0.010029,0.018781,0.017526
0.005609,0.013894,0.021329
0.002804,0.025013,0.023729
0.002725,0.024697,0.025775
0.002318,0.020444,0.018386
0.004625,0.021850,0.026919
0.009151,0.015984,0.024842
0.000382,0.026845,0.027759
0.008362,0.022429,0.017595
0.008700,0.021340,0.026084
0.009176,0.019185,0.024084
0.007752,0.012915,0.029801
0.012193,0.017496,0.029435
0.150047,0.056258,-0.413326
0.178018,-0.037129,-0.624053
0.247323,0.010867,-0.478563
0.148749,0.056698,-0.538748
0.236018,0.043954,-0.695884
0.175543,0.094314,-0.547673
0.294129,0.073909,-0.540755
-0.055524,0.064368,-0.615185
0.003125,0.025959,-0.577347
0.231159,0.066032,-0.403224
0.028232,0.090156,-0.501497
0.267241,0.054772,-0.612482
0.122900,0.082210,-0.456015
0.075624,0.065903,-0.648582
0.043851,0.081965,-0.411669
0.096399,0.040971,-0.580233
0.001970,-0.026113,-0.020833
0.015055,-0.028296,-0.034015
0.013908,-0.025989,-0.026697
0.010922,-0.021549,-0.036726
0.016513,-0.013986,-0.037533
0.008537,-0.009428,-0.028964
0.005999,-0.019079,-0.022337
0.000328,-0.016980,-0.028189
0.003583,-0.026884,-0.028882
0.005056,-0.019227,-0.030596
0.001869,-0.009212,-0.033586
0.011010,-0.021603,-0.028139
0.020091,-0.020006,-0.037653
0.010881,-0.013268,-0.043165
0.004983,-0.025183,-0.020947
0.012518,-0.022109,-0.021366
-0.000366,0.019192,-0.021982
-0.003329,0.014516,-0.026919
0.000867,0.011860,-0.028045
-0.001857,0.024861,-0.030362
0.003699,0.015951,-0.031222
0.001638,0.026998,-0.029988
-0.003008,0.016680,-0.028252
-0.004983,0.021452,-0.029494
0.002674,0.016493,-0.028155
0.001899,0.018816,-0.026047
-0.004890,0.026608,-0.027710
-0.000912,0.024239,-0.029578
-0.001395,0.018483,-0.025132
0.002863,0.025108,-0.025713
0.003632,0.016691,-0.025554
0.001087,0.016928,-0.019843
0.014481,0.010232,-0.014585
0.023657,0.011449,-0.020419
0.020178,0.010635,-0.018248
0.019461,0.011182,-0.025196
0.022597,0.014217,-0.021169
0.019860,0.021973,-0.022341
0.015198,0.017752,-0.023369
0.013411,0.014040,-0.022706
0.015178,0.009234,-0.019682
0.018681,0.015444,-0.012777
0.012847,0.017929,-0.016249
0.016619,0.020636,-0.021290
0.018331,0.010039,-0.013976
0.018737,0.019188,-0.018965
0.022254,0.004543,-0.011527
0.017277,0.010276,-0.012483
-0.002672,-0.009161,-0.007072
0.001597,-0.013440,-0.020499
-0.006993,-0.016938,-0.020816
-0.008447,-0.010481,-0.024498
0.002951,-0.012443,-0.027463
-0.010563,0.007094,-0.020091
-0.009671,-0.002498,-0.018582
-0.000080,-0.007902,-0.021377
0.003894,-0.020150,-0.019775
0.003722,-0.003259,-0.027055
-0.002245,0.000455,-0.024579
-0.010306,0.002719,-0.033575
-0.003599,-0.007745,-0.024889
-0.004890,0.001803,-0.017467
-0.008793,-0.015469,-0.024114
-0.004452,-0.019581,-0.013119
-0.003972,0.029801,0.007277
0.001152,0.028812,0.006315
0.004259,0.027182,0.011762
-0.004367,0.033076,0.005893
0.001366,0.026970,0.004063
-0.002548,0.035858,0.009583
-0.000661,0.032095,0.006726
-0.006302,0.029529,0.004110
0.000076,0.026176,0.003196
-0.001476,0.032173,0.011266
-0.006321,0.035718,0.005362
-0.006687,0.036990,0.004566
0.001825,0.030496,0.009953
-0.006574,0.035330,0.008349
-0.001369,0.028214,0.007660
-0.000232,0.027184,0.012434
-0.019362,-0.010069,0.021604
-0.012913,-0.019494,0.024156
-0.005435,-0.017359,0.022258
-0.012058,-0.013831,0.018042
-0.007712,-0.018114,0.020553
-0.003244,0.007214,0.018477
-0.009742,-0.009358,0.013931
-0.007287,-0.005955,0.018406
-0.021331,-0.029030,0.033324
-0.012422,-0.007018,0.018612
-0.011404,0.006012,0.028689
-0.010985,-0.011239,0.016912
-0.014596,-0.010691,0.023196
-0.010578,-0.001961,0.026607
-0.003719,-0.015481,0.025601
-0.015586,-0.013701,0.025629
-0.005609,-0.029794,0.027999
-0.005214,-0.031907,0.032590
0.004827,-0.031558,0.033451
-0.004953,-0.027707,0.026526
-0.004916,-0.026292,0.025021
-0.002616,-0.022289,0.032304
-0.003092,-0.023743,0.027519
-0.005536,-0.027117,0.025694
-0.008919,-0.034981,0.032095
-0.008455,-0.025476,0.031527
-0.008642,-0.019199,0.028737
-0.006789,-0.028137,0.029434
-0.005370,-0.033576,0.035545
-0.005760,-0.024132,0.030945
-0.001525,-0.033135,0.034450
-0.002745,-0.028374,0.036907
-0.015392,-0.005259,0.012391
-0.008675,-0.005599,0.009078
-0.005297,-0.007493,0.014064
-0.013703,-0.003442,0.005951
-0.010007,0.002190,0.005000
-0.011089,0.008116,0.010623
-0.013669,0.007882,0.012922
-0.019062,0.001215,0.009750
-0.018431,-0.010096,0.011023
-0.017259,-0.005447,0.009981
-0.018994,0.002566,0.011741
-0.015676,0.002459,0.009201
-0.010749,-0.004814,0.013267
-0.013380,-0.002098,0.010039
-0.011118,-0.008072,0.014882
-0.015430,-0.000334,0.014490
-0.014337,-0.011296,-0.004599
-0.016712,-0.019952,-0.004961
-0.008169,-0.017243,-0.003492
-0.011172,-0.017142,-0.007340
-0.010841,-0.013752,-0.010123
-0.010058,-0.012789,-0.007255
-0.008256,-0.011100,-0.001096
-0.011165,-0.010276,-0.003836
-0.016001,-0.020282,-0.003668
-0.013734,-0.017610,-0.004383
-0.014388,-0.015519,0.001730
-0.007038,-0.015862,-0.008298
-0.010954,-0.017446,-0.002745
-0.015315,-0.020000,0.001193
-0.010731,-0.017914,-0.001971
-0.010588,-0.016343,-0.010256
0.008269,-0.003692,-0.002440
0.011581,-0.005293,-0.005577
0.010791,-0.004645,-0.006259
0.005413,0.001414,-0.004704
0.012509,0.003609,-0.001484
0.011645,0.010124,-0.002890
0.006852,0.004105,-0.007361
0.002236,-0.000884,-0.003541
0.009477,-0.007636,-0.003381
0.008949,0.005082,-0.001387
0.008520,0.011075,0.000588
0.007948,0.004226,-0.003985
0.014563,-0.002230,0.005183
0.007815,0.002400,0.002034
0.012128,-0.003214,0.001851
0.006593,-0.005272,0.002044
0.003866,-0.007100,0.017400
0.011726,-0.007747,0.013830
0.010332,-0.013493,0.013877
0.004272,-0.007097,0.012208
0.004089,-0.005794,0.009388
0.010012,0.000787,0.006522
0.008173,-0.007228,0.010620
0.005770,-0.002958,0.011669
0.002275,-0.014104,0.013264
0.005878,-0.002515,0.011986
0.006126,-0.004896,0.014533
0.006012,-0.007502,0.008171
0.007317,-0.008196,0.013415
0.013636,0.001329,0.011383
0.009528,-0.015308,0.012408
0.005455,-0.006665,0.016840
0.162327,-0.159149,-0.178183
0.016756,-0.080732,-0.350457
0.241319,-0.156410,-0.282072
0.104157,-0.051435,-0.270873
0.265179,-0.150494,-0.369391
0.185291,-0.135165,-0.364378
0.208220,-0.074593,-0.246428
0.139654,-0.119888,-0.362392
0.060584,-0.020324,-0.321479
0.229670,-0.075682,-0.364966
0.064855,-0.113036,-0.387138
0.094067,-0.150782,-0.271500
0.171932,-0.049272,-0.314712
0.017447,-0.134421,-0.252736
0.128056,-0.099618,-0.312602
0.121651,-0.180269,-0.307073
0.012852,0.021797,-0.028913
0.015197,0.020486,-0.026732
0.024371,0.023258,-0.024224
0.009415,0.032537,-0.026646
0.022633,0.026440,-0.030980
0.013542,0.028855,-0.030314
0.020176,0.031120,-0.032819
0.011499,0.026179,-0.028851
0.010131,0.018456,-0.033427
0.018701,0.026829,-0.027878
0.004677,0.031513,-0.023358
0.016715,0.032218,-0.024587
0.014838,0.020014,-0.024816
0.009214,0.031086,-0.017561
0.016409,0.019182,-0.036665
0.023961,0.026085,-0.023070
-0.023135,0.010562,-0.043887
-0.027300,0.007707,-0.041675
-0.009777,0.012358,-0.043794
-0.023794,0.011251,-0.050757
-0.016126,0.014385,-0.044913
-0.022595,0.015642,-0.046908
-0.015019,0.014140,-0.041154
-0.019636,0.013821,-0.038195
-0.026677,0.003003,-0.046354
-0.019229,0.010255,-0.035286
-0.030770,0.019340,-0.038853
-0.022001,0.014300,-0.044258
-0.024584,0.005150,-0.043255
-0.029746,0.015837,-0.039871
-0.022386,0.015533,-0.040860
-0.016293,0.011589,-0.036832
-0.311781,0.064601,0.306544
-0.347700,0.069764,0.194089
-0.102188,0.068245,0.291534
-0.225856,0.110789,0.322330
-0.146350,0.094593,0.107378
-0.150758,0.235727,0.243352
-0.011221,0.182596,0.243272
-0.431007,0.107576,0.305109
-0.328408,0.039817,0.344970
-0.100541,0.139166,0.376227
-0.451425,0.207786,0.345400
-0.108681,0.145472,0.168787
-0.226976,0.214228,0.324577
-0.295406,0.199991,0.222456
-0.291591,0.140880,0.389278
-0.217167,0.065150,0.236887
-0.000669,0.017449,-0.016934
-0.007245,0.012268,-0.020635
0.004997,0.009715,-0.018213
-0.003501,0.016942,-0.027386
0.001148,0.012307,-0.024203
0.003618,0.022415,-0.020823
-0.000269,0.019220,-0.025811
-0.008123,0.012951,-0.025012
-0.006919,0.004389,-0.015876
-0.004468,0.014045,-0.015792
-0.007893,0.015116,-0.019240
-0.002630,0.019317,-0.019304
-0.002353,0.007614,-0.015702
-0.003765,0.018116,-0.022813
0.002048,0.008897,-0.012995
-0.004880,0.012756,-0.017570
0.016374,0.001199,-0.030339
0.018507,-0.005670,-0.017559
0.023455,-0.007503,-0.035808
0.021397,0.012427,-0.023305
0.028616,0.017172,-0.027002
0.022715,0.014915,-0.015758
0.024746,0.008836,-0.027115
0.011500,0.013298,-0.011544
0.007878,-0.008818,-0.022545
0.015853,0.028272,-0.023564
0.020399,0.015591,-0.025315
0.025366,0.002572,-0.028172
0.025313,0.026459,-0.005354
0.016424,0.003973,-0.017370
0.027001,0.007375,-0.013862
0.015037,-0.003079,-0.022407
-0.002529,-0.016130,-0.003904
0.003156,-0.014695,-0.006537
0.004031,-0.017469,-0.006723
-0.002823,-0.011866,-0.005948
-0.004016,-0.007596,-0.005038
-0.001227,-0.004378,-0.005927
-0.007615,-0.005684,-0.002861
-0.001169,-0.002152,-0.012741
0.001975,-0.019527,-0.011934
-0.000738,-0.011586,-0.001147
-0.008870,-0.013069,0.001122
-0.000628,-0.007181,-0.000553
-0.005266,-0.017011,0.002029
-0.005767,-0.007589,-0.006632
-0.003683,-0.023096,-0.005332
-0.002950,-0.012893,0.000953
0.020958,-0.028119,0.025811
0.022600,-0.021964,0.017083
0.038694,-0.028466,0.024329
0.019068,-0.013107,0.013555
0.026911,-0.025990,0.012032
0.038076,-0.003868,0.027331
0.026867,-0.016830,0.011498
0.021733,-0.009361,0.018375
0.011267,-0.027388,0.026562
0.020481,-0.015832,0.028530
0.017012,-0.008334,0.026171
0.019882,-0.011153,0.014730
0.015191,-0.023035,0.026476
0.014374,-0.015482,0.025673
0.030538,-0.025199,0.023991
0.021403,-0.028218,0.022610
0.009464,-0.001881,-0.002007
0.007866,-0.002609,-0.005816
0.011131,-0.007124,-0.003940
0.010092,0.000375,-0.004191
0.012733,-0.001569,-0.010558
0.006985,0.000343,0.001350
0.011490,0.002651,-0.004812
0.003504,-0.004453,-0.002525
0.000052,-0.001009,-0.002325
0.011944,-0.006023,0.001074
0.001929,0.006098,-0.001513
0.001731,0.004415,-0.009576
0.011316,-0.003554,-0.002967
0.013064,0.003021,-0.002778
0.013398,-0.006350,0.001262
0.010159,-0.005301,-0.005369
0.019602,0.022455,0.016339
0.013002,0.018986,0.020726
0.040080,0.016051,0.030304
0.024684,0.031285,0.013239
0.030071,0.029152,0.000962
0.026235,0.036258,0.030972
0.023356,0.029476,0.014794
0.005784,0.035498,0.011853
0.008829,0.016544,0.028299
0.020730,0.028242,0.029198
0.006799,0.035312,0.019416
0.020190,0.036061,0.014796
0.018876,0.021324,0.021465
0.011791,0.026999,0.022519
0.019118,0.021805,0.030018
0.006927,0.026167,0.021251
-0.028967,0.005293,-0.025622
-0.025133,0.008073,-0.031731
-0.023885,0.007456,-0.027461
-0.028942,0.013019,-0.029087
-0.026551,0.006673,-0.028061
-0.030586,0.016665,-0.029691
-0.025046,0.013622,-0.027740
-0.029230,0.006607,-0.028925
-0.033922,0.005978,-0.026540
-0.029412,0.008897,-0.022594
-0.028361,0.016019,-0.026325
-0.030864,0.013921,-0.031037
-0.022583,0.006570,-0.022348
-0.024936,0.008059,-0.027185
-0.018693,0.000701,-0.026479
-0.028390,0.008720,-0.022887
-0.007541,0.022268,-0.006752
0.000276,0.023598,-0.009053
0.007293,0.018624,-0.005897
-0.001594,0.026109,-0.016750
0.000763,0.023606,-0.016581
0.004515,0.035532,-0.006719
-0.000154,0.027391,-0.010543
-0.005213,0.025271,-0.008345
-0.008939,0.018302,-0.006276
0.000419,0.023833,-0.002180
-0.007182,0.034826,-0.005870
-0.000894,0.026678,-0.009604
-0.002906,0.019891,-0.006244
-0.000061,0.024966,-0.006708
0.001337,0.013467,-0.002784
0.000171,0.025006,-0.000952
0.001380,-0.002811,-0.010882
-0.003467,-0.004747,-0.007082
0.007181,-0.007086,-0.009694
-0.005503,0.000953,-0.015341
0.006998,0.003831,-0.010936
-0.000514,0.004841,-0.010404
-0.005528,0.000641,-0.016403
-0.007583,0.001591,-0.015697
-0.006680,-0.002975,-0.014839
-0.002406,0.001427,-0.003764
-0.008015,0.010429,-0.006267
-0.003050,0.003683,-0.006990
0.000206,-0.002724,-0.000332
-0.004886,-0.000805,-0.003443
0.004102,0.002376,-0.006349
0.001395,-0.001220,-0.003213
0.009500,-0.002089,-0.020319
0.014062,0.004455,-0.024897
0.011163,0.001745,-0.025022
0.012156,0.003758,-0.021948
0.007495,-0.004346,-0.025253
0.010184,0.009454,-0.021375
0.007342,0.005988,-0.017702
0.015394,-0.000641,-0.021820
0.016882,-0.002616,-0.027520
0.016658,0.001489,-0.018853
0.019070,0.008403,-0.017989
0.010476,0.007365,-0.024447
0.013817,0.006876,-0.017245
0.012073,0.006876,-0.023635
0.013845,-0.003518,-0.020023
0.014300,0.004253,-0.016172
-0.246418,-0.068775,-0.423577
-0.240311,-0.228629,-0.522364
-0.146817,-0.129853,-0.443089
-0.285035,-0.053275,-0.331685
-0.101837,-0.021493,-0.720352
-0.161485,0.011162,-0.588130
-0.031898,-0.121110,-0.579916
-0.332589,0.002701,-0.730229
-0.302014,-0.181151,-0.468321
-0.083051,-0.087163,-0.446673
-0.297980,0.044503,-0.538871
-0.133372,-0.066143,-0.538840
-0.209760,0.008129,-0.436676
-0.287373,-0.041809,-0.611259
-0.347527,-0.060092,-0.458237
-0.233164,-0.099862,-0.535976
0.109739,-0.098018,-0.454399
-0.042884,-0.026409,-0.509123
0.231334,-0.116284,-0.418185
0.025405,-0.039142,-0.402627
0.291896,-0.086382,-0.494975
0.179946,-0.049229,-0.459791
0.234506,-0.055051,-0.454682
-0.168971,-0.042815,-0.483052
-0.041995,-0.087985,-0.463007
0.181989,0.015826,-0.388059
0.052338,-0.075817,-0.470574
0.081727,-0.089012,-0.352237
0.106893,0.025486,-0.410819
0.026208,0.036359,-0.516132
-0.107748,-0.010219,-0.359148
0.021255,-0.084743,-0.440452
-0.014742,0.014471,-0.021652
-0.008425,0.012249,-0.017696
-0.009502,0.013806,-0.017455
-0.010809,0.017365,-0.023537
-0.010799,0.015040,-0.024850
-0.007039,0.024690,-0.014335
-0.009756,0.021042,-0.022317
-0.014270,0.016147,-0.019630
-0.011531,0.011010,-0.018701
-0.007450,0.015256,-0.006538
-0.015121,0.024880,-0.016256
-0.016570,0.019325,-0.024204
-0.006828,0.012389,-0.013438
-0.011807,0.018880,-0.014814
-0.008183,0.010632,-0.007045
-0.009116,0.015031,-0.017919
-0.000830,0.024486,-0.009932
0.005118,0.021005,-0.006367
0.007494,0.021326,-0.009370
0.003620,0.022698,-0.012207
0.002425,0.021154,-0.013073
0.004082,0.026449,-0.004153
0.002827,0.023489,-0.008981
0.002736,0.021439,-0.006592
0.002386,0.021258,-0.010158
0.005553,0.020456,-0.002938
0.001527,0.027782,-0.011413
0.001256,0.021551,-0.015262
0.002517,0.020077,-0.011540
0.003178,0.022205,-0.012916
0.006637,0.018578,-0.007996
0.004114,0.024206,-0.006302
0.009940,0.002537,-0.015866
0.010978,0.000029,-0.014245
0.012415,0.001826,-0.013389
0.008061,0.005482,-0.014874
0.013438,0.004520,-0.012317
0.009244,0.005936,-0.017909
0.007423,0.004196,-0.014508
0.005987,0.004405,-0.015449
0.010259,0.001776,-0.017225
0.008077,0.005878,-0.017769
0.009351,0.003842,-0.015031
0.011058,0.003986,-0.015141
0.011040,0.004021,-0.009397
0.009154,0.003098,-0.015900
0.015334,0.002529,-0.015704
0.008796,-0.001023,-0.012575
0.039810,0.001151,0.013070
0.020897,-0.013650,-0.010161
0.057779,-0.002015,0.019649
0.052526,0.001028,0.000591
0.061375,-0.008137,-0.035010
0.048121,0.015625,0.010634
0.039594,0.015641,-0.013774
0.021990,0.015371,-0.022724
0.020538,0.006896,0.005611
0.050730,0.000639,-0.005253
0.020040,0.026279,0.003366
0.034656,0.015296,-0.010198
0.022538,0.011903,-0.005471
0.031765,0.013044,-0.000392
0.022089,0.007776,-0.001929
0.033864,0.001742,-0.004942
-0.025339,0.003651,0.002346
-0.030495,0.002558,0.001352
-0.030324,0.003186,0.003683
-0.029456,-0.008886,-0.006793
-0.019968,0.007534,-0.018053
-0.027564,0.015939,-0.009572
-0.013038,0.011621,-0.002644
-0.051838,-0.003975,-0.006394
-0.053351,-0.008151,-0.007462
-0.031821,0.002260,-0.006088
-0.036561,0.006954,-0.014494
-0.017872,0.001401,-0.006287
-0.032544,0.011788,-0.011492
-0.033083,0.004395,-0.021296
-0.025877,0.001763,-0.001141
-0.021541,-0.004085,-0.006966
-0.015762,-0.000920,0.005298
-0.015428,0.004974,-0.003448
-0.015826,-0.002364,0.003846
-0.015813,0.010560,-0.002308
-0.005503,0.006107,-0.006936
-0.010206,0.001316,0.001148
-0.008405,0.001886,-0.006448
-0.017990,0.010735,-0.003725
-0.025979,0.012287,0.007208
-0.015444,-0.003788,0.006774
-0.015267,0.017875,0.006498
-0.012238,0.008603,-0.000148
-0.009434,-0.004036,0.002877
-0.011685,0.000746,0.004434
-0.007543,-0.000766,0.000360
-0.016062,0.000218,0.005065
-0.001592,0.001999,0.018251
0.003976,0.004402,0.012559
0.007079,0.003947,0.012588
-0.000153,0.004095,0.007463
0.005011,0.008618,0.010838
0.006597,0.007951,0.009688
0.005554,0.006550,0.014839
0.001841,0.007696,0.009964
0.003420,-0.001120,0.012420
0.006767,0.004402,0.016651
0.000492,0.009795,0.012452
0.000865,0.010045,0.006848
0.002424,0.003696,0.018585
0.002366,0.007720,0.013440
0.009862,0.002999,0.012920
0.002671,0.008201,0.018541
-0.005988,0.000472,0.004437
0.005965,0.000136,-0.003929
0.008496,-0.000283,0.006866
0.002409,0.006812,0.000139
0.004282,0.004861,-0.002638
0.001169,0.010792,0.004841
0.003761,0.010764,0.003093
-0.004044,0.003689,-0.001804
-0.000547,0.000798,0.001881
0.006028,0.000803,0.010607
-0.002072,0.010118,0.010084
-0.001440,0.006611,0.001830
0.004316,0.002071,0.009286
-0.000030,0.004209,0.010544
0.003340,-0.004300,0.010765
0.001256,0.003833,0.008474
-0.318947,0.098666,-0.095794
-0.377467,0.081840,-0.183320
-0.310087,0.038800,-0.161906
-0.301418,0.182198,-0.251101
-0.273884,0.130421,-0.313065
-0.124976,0.222524,-0.277726
-0.140668,0.060732,-0.160789
-0.420220,0.164206,-0.247421
-0.448967,0.144610,-0.163374
-0.170773,0.162953,-0.245517
-0.406013,0.198485,-0.080283
-0.212530,0.060762,-0.268685
-0.240817,0.226820,-0.148229
-0.262003,0.122117,-0.210439
-0.312086,0.164694,-0.115825
-0.118498,0.048505,-0.275359
-0.016918,0.000942,-0.011047
-0.009594,-0.013774,0.004265
0.010659,-0.008833,-0.003430
-0.024641,-0.000892,-0.003130
0.008645,-0.002554,-0.021334
-0.012893,0.023979,-0.000013
0.007397,-0.004753,-0.012617
-0.042108,-0.004490,-0.017655
-0.049277,-0.014631,-0.007662
-0.019864,-0.004126,0.007962
-0.050255,0.029737,0.014308
-0.012128,0.005212,-0.004485
-0.012182,0.018966,0.009364
-0.029718,0.015936,-0.003422
-0.027716,-0.001972,0.009025
-0.026996,0.005143,-0.010936
