-0.029917,0.999552,-0.000016
-0.053791,-0.587338,0.022359
-0.083643,0.379240,0.017899
-0.110197,-0.404236,0.011340
0.015095,-0.490325,0.029068
0.026489,-0.751008,-0.004776
0.000000,0.000000,0.000000
-0.073880,0.770051,0.015238
0.015226,0.501983,0.012259
0.009942,0.865060,0.006187
0.100285,0.473012,0.002083
0.026545,0.483057,-0.011091
0.012153,0.822783,0.007536
0.033741,-0.332932,0.029068
0.000000,0.000000,0.000000
0.028775,0.824470,0.005906
0.225801,-0.772503,-0.024508
-0.070731,-0.249636,-0.028987
-0.131428,-0.237061,-0.016919
0.056603,0.799921,0.003676
0.000000,0.000000,0.000000
-0.014232,-0.531439,0.029068
0.000000,0.000000,0.000000
0.000000,0.000000,0.000000
-0.014382,-0.589400,0.024589
0.108061,-0.677363,-0.012515
-0.081225,0.645865,-0.001253
0.007955,-0.731426,-0.015588
0.089116,-0.622831,0.029068
0.000000,0.000000,0.000000
0.000000,0.000000,0.000000
-0.064978,-0.313087,-0.028987
0.000000,0.000000,0.000000
0.000000,0.000000,0.000000
-0.037806,0.326695,-0.017818
0.088123,-0.420595,0.024589
0.100285,0.473012,0.002083
-0.009022,-0.464689,-0.028987
-0.017249,0.506256,-0.015588
0.000000,0.000000,0.000000
0.001190,-0.152978,-0.024508
-0.059169,0.525014,-0.017818
0.000000,0.000000,0.000000
-0.008160,0.192521,-0.017818
-0.102251,0.643016,-0.004551
0.086005,-0.417466,-0.024508
0.000000,0.000000,0.000000
-0.087466,0.506256,0.000040
-0.118105,-0.181499,-0.015251
-0.098915,0.697792,0.002533
-0.075285,0.413908,0.017899
0.266597,-0.713323,-0.024508
0.075586,0.434147,0.005194
0.030330,-0.577688,-0.028987
-0.001002,-0.446137,-0.028987
0.000000,0.000000,0.000000
0.114170,0.239594,0.006524
-0.067133,0.771456,-0.003483
-0.037338,0.496718,0.004632
0.259982,-0.670635,0.024589
0.000000,0.000000,0.000000
0.000000,0.000000,0.000000
0.073000,0.836220,0.001090
0.017138,-0.329447,-0.028987
-0.024745,-0.049143,-0.024508
0.013821,-0.526304,-0.028987
0.000000,0.000000,0.000000
0.030555,-0.637541,0.024589
0.089116,-0.622831,0.029068
0.042099,-0.530577,0.029068
-0.044552,0.547764,-0.017818
-0.002164,-0.634506,0.013402
0.000000,0.000000,0.000000
-0.059244,-0.640052,0.024589
0.000000,0.000000,0.000000
0.139337,-0.599950,-0.024508
0.000000,0.000000,0.000000
0.018168,0.319893,-0.013265
-0.002089,-0.473946,0.029068
0.038519,-0.197409,-0.024508
-0.104687,-0.486408,0.000040
0.000000,0.000000,0.000000
-0.062486,0.735533,0.011059
0.000000,0.000000,0.000000
0.105063,-0.800499,0.006299
0.082782,0.557546,0.004538
0.085780,-0.659897,0.024589
-0.115556,-0.193567,-0.014445
0.000000,0.000000,0.000000
0.000000,0.000000,0.000000
0.060220,0.394401,-0.007643
0.019199,0.929579,-0.001421
0.070114,-0.377157,-0.022278
0.000000,0.000000,0.000000
0.186317,-0.636960,-0.024508
0.000000,0.000000,0.000000
0.127419,0.425133,0.000190
0.000000,0.000000,0.000000
-0.075379,0.490852,-0.017818
-0.112183,-0.298058,-0.012253
0.004076,0.540249,0.013083
0.000535,0.788678,0.009747
0.038988,-0.583666,0.029068
0.000000,0.000000,0.000000
0.069046,0.751799,-0.003445
-0.107948,0.235753,-0.013433
-0.052423,-0.691473,-0.004176
0.073693,0.780639,-0.002452
-0.029917,0.999552,-0.000016
-0.030029,0.740967,-0.013977
0.070845,-0.449866,0.029068
0.225539,-0.758504,0.024589
-0.059525,-0.234719,-0.028987
0.115745,-0.267925,-0.005469
0.000000,0.000000,0.000000
-0.059244,-0.640052,0.024589
-0.064978,-0.313087,-0.028987
0.000000,0.000000,0.000000
0.000000,0.000000,0.000000
-0.044552,0.547764,-0.017818
0.000000,0.000000,0.000000
0.000000,0.000000,0.000000
0.044853,0.491058,-0.008730
-0.025382,-0.381036,0.029068
0.011834,0.597779,0.011678
-0.104237,0.421666,-0.007268
0.071426,0.490946,0.005681
-0.082162,0.494057,0.017899
-0.082162,0.494057,0.017899
-0.052142,0.295606,0.017899
0.018674,0.387861,0.012540
-0.001283,0.620960,0.012765
-0.008517,0.798347,-0.010435
0.000000,0.000000,0.000000
-0.041367,-0.482679,-0.028987
-0.078040,0.626151,0.000040
0.029019,-0.555294,0.029068
0.197692,-0.644119,-0.024508
-0.119604,0.277710,-0.009161
-0.055609,0.577204,0.017899
0.118780,-0.419302,0.013252
-0.134239,-0.290412,0.017730
0.000000,0.000000,0.000000
-0.111471,0.502583,0.007686
0.000000,0.000000,0.000000
-0.030254,-0.517103,-0.028987
0.000000,0.000000,0.000000
0.030780,0.827693,-0.005506
0.114526,-0.395091,0.009523
0.109261,-0.605141,0.025470
0.213508,-0.742295,-0.024508
-0.007055,0.719436,0.012015
0.000000,0.000000,0.000000
-0.000084,-0.543544,0.029068
0.000000,0.000000,0.000000
0.133247,-0.684502,-0.024508
0.000000,0.000000,0.000000
0.098673,0.704425,0.001296
-0.096329,0.429087,0.017899
-0.131428,-0.237061,-0.016919
0.057034,0.569614,0.007218
0.000000,0.000000,0.000000
0.114826,0.535433,-0.000765
-0.025382,-0.381036,0.029068
-0.107573,-0.531045,-0.014820
0.000000,0.000000,0.000000
0.002596,-0.472691,-0.028987
0.085049,0.677328,-0.002995
-0.070432,-0.487083,-0.022278
0.030761,0.618187,0.009448
0.000000,0.000000,0.000000
0.035858,0.688347,0.007967
0.000000,0.000000,0.000000
0.127831,0.275611,0.002252
0.030330,-0.577688,-0.028987
-0.084842,0.813414,0.001221
0.049651,0.138102,-0.017818
-0.122209,-0.428766,-0.013077
-0.115987,0.544691,0.002477
0.000000,0.000000,0.000000
-0.114582,0.315245,-0.017818
-0.029448,-0.365089,-0.028987
-0.081432,-0.356057,0.024327
-0.104762,-0.471866,0.000040
-0.097885,-0.203705,-0.007155
0.000000,0.000000,0.000000
0.044048,0.288729,-0.011653
0.025627,-0.378956,-0.028987
-0.054541,0.577728,-0.017818
0.033066,-0.137386,-0.017818
-0.082162,0.494057,0.017899
0.000000,0.000000,0.000000
0.091777,-0.196715,-0.001796
-0.100040,0.417206,0.000040
-0.130473,0.211391,-0.010585
0.061756,-0.290806,-0.028987
0.088347,-0.643294,-0.024508
0.046221,-0.182286,-0.024508
0.085312,0.816974,0.000490
0.040618,-0.423800,0.029068
0.228293,-0.641495,0.009073
0.024858,-0.618165,0.024589
0.244184,-0.681804,-0.024508
0.032092,0.443685,-0.010379
0.070114,-0.377157,-0.022278
-0.091382,0.717524,0.006206
0.110441,-0.226455,-0.015813
-0.113926,-0.489181,0.016587
-0.096892,0.489409,0.012146
0.000000,0.000000,0.000000
0.089116,-0.622831,0.029068
-0.018823,0.282789,-0.014914
-0.076166,-0.368031,0.022359
-0.078508,0.382801,0.000040
0.015095,-0.490325,0.029068
-0.024970,0.866465,0.009092
0.001490,0.657146,-0.011897
0.000000,0.000000,0.000000
-0.106486,-0.285746,0.011134
0.000000,0.000000,0.000000
0.091383,0.285112,-0.006706
0.041105,0.910353,0.000790
0.000000,0.000000,0.000000
-0.035126,0.339119,0.017899
-0.085535,-0.231121,-0.024508
-0.067058,0.231949,0.000040
0.000000,0.000000,0.000000
-0.141922,-0.014981,-0.017818
-0.023527,0.299148,0.000040
0.107031,0.520760,-0.001253
-0.041385,-0.036306,-0.024508
0.063649,-0.365951,0.029068
-0.015619,-0.632294,-0.024508
0.114526,0.268734,-0.004438
0.082163,-0.489069,-0.028987
-0.122658,-0.217404,0.000040
0.026901,0.923901,-0.001140
0.000000,0.000000,0.000000
-0.079932,-0.486333,-0.024508
0.000000,0.000000,0.000000
0.000000,0.000000,0.000000
0.180658,-0.673465,-0.024508
-0.095261,0.636645,0.009635
-0.054316,0.505675,0.017899
0.013053,0.749606,0.009242
0.000000,0.000000,0.000000
0.033741,-0.332932,0.029068
0.000000,0.000000,0.000000
0.033235,0.369065,-0.010791
0.000000,0.000000,0.000000
0.016332,-0.557974,-0.028987
-0.029542,0.393501,-0.005825
-0.059750,-0.103168,-0.024508
0.074574,-0.474134,-0.028987
0.000000,0.000000,0.000000
0.000000,0.000000,0.000000
-0.006867,0.334078,-0.015569
0.000000,0.000000,0.000000
0.000000,0.000000,0.000000
-0.021016,-0.582616,-0.022278
0.126295,-0.532938,0.024589
0.127850,-0.627291,-0.024508
-0.007055,0.719436,0.012015
0.069496,0.124853,-0.017818
-0.029917,0.999552,-0.000016
-0.121215,-0.438341,0.017880
0.207699,-0.715666,0.024589
0.051881,0.421929,0.008380
-0.097697,0.729330,-0.000522
0.000000,0.000000,0.000000
0.000000,0.000000,0.000000
0.000000,0.000000,0.000000
0.000000,0.000000,0.000000
-0.097716,-0.470854,-0.024433
-0.066983,0.446234,-0.017818
-0.073074,0.643597,0.017899
0.126857,-0.590580,0.024589
0.106993,-0.354689,-0.005638
-0.031922,0.838637,0.011434
0.060707,0.111173,-0.017818
0.083026,-0.192031,-0.008973
0.000000,0.000000,0.000000
0.000000,0.000000,0.000000
0.000000,0.000000,0.000000
-0.069832,-0.354314,0.029068
0.033085,-0.352065,0.029068
0.023547,0.191022,-0.017818
0.029712,-0.459011,-0.028987
0.051881,0.421929,0.008380
-0.077196,0.689303,0.004126
-0.126013,-0.389188,-0.010772
-0.034808,0.465648,0.015575
0.000000,0.000000,0.000000
-0.014419,-0.721138,0.015669
0.010916,0.261950,-0.015813
-0.088440,0.447902,-0.017818
-0.056602,0.776647,0.016456
-0.073542,-0.335162,-0.027282
-0.118142,-0.329278,-0.014014
0.242760,-0.725542,0.024589
0.000000,0.000000,0.000000
0.000000,0.000000,0.000000
-0.110197,-0.404236,0.011340
-0.008160,0.192521,-0.017818
-0.063873,0.286162,0.000040
0.123727,-0.807901,-0.000053
0.000000,0.000000,0.000000
0.000000,0.000000,0.000000
-0.065484,-0.653526,-0.024508
-0.127362,-0.099139,-0.016937
0.000000,0.000000,0.000000
0.000000,0.000000,0.000000
-0.122827,0.330518,-0.010023
0.000000,0.000000,0.000000
0.123147,-0.473065,-0.024508
-0.033384,0.375755,0.000040
0.000000,0.000000,0.000000
-0.089171,-0.573940,0.002046
-0.054990,-0.374684,0.029068
0.000000,0.000000,0.000000
-0.053941,0.450375,-0.017818
-0.051823,0.441137,-0.017818
-0.005856,0.946557,-0.002208
0.107031,0.520760,-0.001253
0.115613,-0.397508,0.000040
-0.041292,0.416888,0.000040
0.000000,0.000000,0.000000
0.086736,-0.441846,-0.023890
0.197411,-0.622044,-0.019954
0.059002,0.494563,0.006937
0.028756,-0.730358,0.015669
0.093707,-0.591967,0.029068
0.075061,-0.421663,-0.022372
-0.127605,-0.270361,-0.016169
-0.006212,-0.599126,-0.024508
0.259176,-0.707870,-0.024508
0.260000,-0.757399,-0.013752
0.000000,0.000000,0.000000
0.073000,0.836220,0.001090
-0.126013,-0.389188,-0.010772
0.078341,-0.652102,0.024589
-0.090202,-0.564664,0.017937
-0.133059,-0.306678,0.011172
-0.083249,0.230487,-0.017818
-0.056527,0.723052,0.017393
0.000000,0.000000,0.000000
0.000000,0.000000,0.000000
0.000000,0.000000,0.000000
0.091458,0.546546,-0.003220
0.131954,-0.660347,0.024589
-0.047363,0.834158,-0.012871
0.033703,0.726013,0.007592
0.000000,0.000000,0.000000
-0.015787,-0.429646,-0.028987
0.011179,0.719679,0.010104
-0.135757,-0.269181,-0.008805
0.000000,0.000000,0.000000
-0.062111,0.320549,0.017899
0.000000,0.000000,0.000000
-0.113026,-0.376126,0.000040
-0.008779,-0.682179,0.012821
0.040618,-0.423800,0.029068
0.040525,0.664098,0.007817
-0.098503,0.349164,0.000040
0.063180,-0.465513,-0.028987
-0.069738,0.552992,-0.017818
-0.068314,0.590152,0.000040
0.119399,-0.423818,-0.008898
0.000000,0.000000,0.000000
0.098729,-0.321632,0.024589
-0.053360,0.524452,0.000040
-0.056452,-0.544032,-0.028987
0.000000,0.000000,0.000000
0.065111,0.479890,-0.006556
-0.035126,0.339119,0.017899
0.000000,0.000000,0.000000
-0.121234,-0.403561,-0.016413
0.110441,-0.226455,-0.015813
-0.129873,-0.204698,-0.016431
0.034659,-0.154214,-0.017818
0.000000,0.000000,0.000000
0.196717,-0.760060,0.004819
0.000000,0.000000,0.000000
-0.044740,0.402983,-0.017818
0.000000,0.000000,0.000000
-0.060406,0.306307,0.017899
0.041105,0.910353,0.000790
-0.135251,0.291502,-0.002527
0.175748,-0.754475,-0.015588
0.000000,0.000000,0.000000
0.000000,0.000000,0.000000
0.005463,-0.632238,0.009541
0.036758,-0.330477,-0.028987
-0.041292,0.416888,0.000040
0.238094,-0.650903,-0.024508
-0.047045,0.600665,-0.006556
0.014477,-0.699400,-0.015588
0.000000,0.000000,0.000000
0.000000,0.000000,0.000000
-0.004225,0.576135,-0.013508
0.051881,0.421929,0.008380
0.000000,0.000000,0.000000
0.090709,-0.430696,0.024589
0.000000,0.000000,0.000000
0.063649,-0.365951,0.029068
0.000000,0.000000,0.000000
-0.027425,0.317007,-0.017818
0.000000,0.000000,0.000000
-0.106205,0.242817,-0.002040
-0.110215,0.154311,-0.017818
0.000000,0.000000,0.000000
0.011216,0.655178,-0.010960
0.018768,0.237833,-0.016431
-0.055702,0.228313,0.000040
0.011310,-0.300700,-0.028987
0.157271,-0.782491,0.015669
0.000000,0.000000,0.000000
0.000000,0.000000,0.000000
0.000000,0.000000,0.000000
-0.053285,0.008294,-0.024508
-0.101333,-0.481011,-0.007343
0.000000,0.000000,0.000000
0.000000,0.000000,0.000000
-0.059244,-0.640052,0.024589
0.000000,0.000000,0.000000
-0.033590,0.576772,-0.016619
-0.110609,-0.263934,0.000040
-0.037937,0.723952,0.015294
0.033778,-0.355701,-0.028987
0.068821,-0.212700,-0.024508
0.000000,0.000000,0.000000
0.121910,0.385143,-0.001552
0.154010,-0.790511,0.015669
-0.111265,0.359601,0.014657
0.000000,0.000000,0.000000
0.041630,0.679820,0.007536
0.134090,0.269109,0.002458
-0.141922,-0.014981,-0.017818
0.000000,0.000000,0.000000
-0.115893,-0.410851,-0.013977
0.000000,0.000000,0.000000
0.000000,0.000000,0.000000
0.000000,0.000000,0.000000
-0.059600,0.479159,0.017899
0.087186,0.483263,0.004126
0.000000,0.000000,0.000000
0.000000,0.000000,0.000000
0.054167,-0.378413,-0.028987
0.088347,-0.643294,-0.024508
-0.023639,0.218381,-0.017818
0.000000,0.000000,0.000000
0.068109,-0.777038,-0.007193
0.038295,0.650868,0.008248
0.266597,-0.713323,-0.024508
0.020024,-0.705434,0.015669
-0.076166,-0.368031,0.022359
-0.126275,-0.367207,0.017187
0.161337,-0.720182,-0.013733
-0.011271,-0.180525,-0.026232
0.000000,0.000000,0.000000
-0.117318,0.296487,-0.017818
-0.118798,0.445316,0.006168
0.050663,0.589590,-0.007586
-0.067058,0.231949,0.000040
-0.088159,-0.420014,-0.024508
0.138176,-0.586701,-0.024508
-0.051973,0.987184,0.002008
0.030780,0.827693,-0.005506
0.265173,-0.750165,-0.005394
0.000000,0.000000,0.000000
0.000000,0.000000,0.000000
0.000000,0.000000,0.000000
0.000000,0.000000,0.000000
0.000000,0.000000,0.000000
0.079071,0.637376,-0.004120
0.037002,0.476236,-0.009460
0.080927,0.169153,-0.017818
0.108905,0.695899,-0.000297
-0.047363,0.834158,-0.012871
0.100809,-0.653920,0.024589
0.000000,0.000000,0.000000
0.000000,0.000000,0.000000
-0.053941,0.450375,-0.017818
-0.032634,-0.347193,-0.028987
0.105307,0.420092,-0.002302
0.014552,0.480845,-0.012402
0.033141,0.621934,-0.009086
0.110572,-0.452714,-0.024508
-0.058195,-0.678075,0.024589
0.000000,0.000000,0.000000
0.000000,0.000000,0.000000
0.270944,-0.742107,0.022865
0.098654,0.619405,0.002327
0.051562,-0.646836,-0.022915
0.008105,-0.319665,-0.028987
-0.009716,0.629524,-0.013508
0.000000,0.000000,0.000000
0.000000,0.000000,0.000000
0.000000,0.000000,0.000000
0.066329,-0.422132,0.029068
-0.081001,-0.601805,-0.024508
0.000000,0.000000,0.000000
0.219542,-0.753651,-0.024508
0.042024,-0.760734,0.009691
-0.074835,0.500447,-0.017818
0.000000,0.000000,0.000000
-0.069738,0.552992,-0.017818
0.170070,-0.666831,-0.024508
0.026283,0.734408,0.008267
0.030555,-0.637541,0.024589
0.099891,0.665129,0.001708
0.000000,0.000000,0.000000
0.058121,-0.726741,-0.005488
0.128000,-0.465926,-0.005581
-0.012658,0.217650,-0.017818
-0.115050,-0.365314,0.000040
0.066329,-0.422132,0.029068
-0.058813,0.705999,-0.001234
0.025758,-0.117298,-0.017818
-0.062111,0.320549,0.017899
-0.039437,0.962092,0.003357
-0.114488,-0.135156,-0.015382
0.000000,0.000000,0.000000
-0.003063,-0.518602,-0.028987
0.000000,0.000000,0.000000
-0.106018,0.383007,0.000040
0.088347,-0.643294,-0.024508
-0.098915,0.697792,0.002533
0.000000,0.000000,0.000000
-0.034021,0.784499,-0.013377
-0.084524,0.557265,0.017899
0.087729,-0.314418,0.024589
-0.114582,0.315245,-0.017818
0.271413,-0.721794,-0.015888
0.000000,0.000000,0.000000
-0.059750,-0.103168,-0.024508
-0.108023,-0.454682,0.011340
-0.064547,0.216226,0.000040
0.000000,0.000000,0.000000
0.034284,-0.622344,0.024589
-0.014326,0.737744,0.012427
0.123147,-0.473065,-0.024508
-0.037413,0.342661,0.000040
0.158171,-0.671254,0.024589
0.015863,-0.239928,-0.028987
-0.092488,0.330911,0.017899
-0.019161,0.804175,0.011209
0.028906,0.236783,-0.015719
0.114901,-0.435174,0.024589
0.082332,0.658195,-0.003520
-0.117318,0.296487,-0.017818
0.030761,0.618187,0.009448
0.185474,-0.683790,-0.024508
0.064792,0.507418,-0.005975
0.192051,-0.619814,0.024589
-0.106655,0.400022,-0.005844
0.000000,0.000000,0.000000
-0.075379,0.490852,-0.017818
-0.030254,-0.517103,-0.028987
0.050681,0.576623,-0.007736
-0.034021,0.784499,-0.013377
-0.021896,0.449251,-0.016563
0.033741,-0.332932,0.029068
0.000000,0.000000,0.000000
0.059002,0.494563,0.006937
-0.079426,0.524096,-0.017818
-0.067677,0.712465,-0.017818
0.098729,-0.321632,0.024589
-0.006849,0.277804,-0.016862
0.083813,0.527769,-0.003614
0.049913,0.768495,0.005175
-0.105999,0.261332,-0.006106
0.000000,0.000000,0.000000
0.242760,-0.725542,0.024589
-0.023845,0.790027,0.012296
-0.140142,-0.200107,-0.001178
-0.007411,-0.688700,-0.007793
0.000000,0.000000,0.000000
-0.079689,0.337751,0.017899
0.040468,-0.366925,-0.028987
0.087186,-0.607183,0.029068
0.009942,0.806949,0.008380
-0.070713,0.467559,0.000040
0.000000,0.000000,0.000000
0.036777,0.451256,-0.009742
-0.116193,-0.485433,0.001914
0.000000,0.000000,0.000000
0.000000,0.000000,0.000000
-0.091738,-0.549822,0.000434
0.102721,-0.621800,-0.028987
-0.037431,0.489672,0.017899
-0.069644,0.147752,-0.017818
0.070039,0.348733,-0.007230
0.000000,0.000000,0.000000
-0.031847,0.426539,-0.010041
-0.147432,-0.002613,-0.015926
0.054167,-0.378413,-0.028987
0.000000,0.000000,0.000000
0.049051,-0.720969,0.015182
-0.034283,-0.182511,-0.028987
-0.013351,0.637919,0.013814
0.000000,0.000000,0.000000
-0.064547,0.216226,0.000040
-0.006661,0.887828,0.006262
0.136208,-0.495609,0.016831
0.000000,0.000000,0.000000
0.079409,-0.622437,-0.028031
0.000000,0.000000,0.000000
0.054542,-0.628940,0.024589
0.074199,0.194039,-0.014389
0.028700,0.668427,-0.008954
-0.034190,-0.239123,-0.028987
0.026545,0.483057,-0.011091
0.204719,-0.770516,0.006112
0.000000,0.000000,0.000000
0.109261,-0.186971,-0.017818
0.000000,0.000000,0.000000
0.031680,-0.483972,0.029068
0.000000,0.000000,0.000000
-0.084673,0.217932,-0.017818
-0.127587,0.292852,-0.009723
-0.116043,-0.359149,0.013177
0.000000,0.000000,0.000000
-0.085554,0.456484,-0.017818
-0.133077,-0.306641,-0.011634
-0.066121,0.700022,-0.017818
0.011216,0.655178,-0.010960
0.052349,0.862267,0.002083
-0.001845,0.163400,-0.017818
0.200072,-0.764576,0.014376
-0.030760,-0.439091,0.029068
0.000000,0.000000,0.000000
-0.000384,0.601396,-0.012852
-0.008910,-0.269912,-0.028987
0.094588,0.182889,-0.014276
0.063799,-0.730358,-0.010997
-0.090408,0.269409,0.000040
0.000000,0.000000,0.000000
0.000000,0.000000,0.000000
0.001322,-0.553083,0.029068
-0.100527,-0.259155,-0.014127
0.015545,-0.428260,-0.028987
0.000000,0.000000,0.000000
-0.007973,-0.579056,0.029068
0.110441,-0.226455,-0.015813
0.113758,0.611928,0.000790
0.005482,-0.508802,0.029068
0.000000,0.000000,0.000000
-0.078040,0.626151,0.000040
0.000000,0.000000,0.000000
-0.096667,0.287417,0.017899
-0.021053,-0.515754,-0.028987
-0.124101,-0.409839,0.008342
0.023228,-0.531589,-0.028987
0.079409,-0.622437,-0.028031
-0.107367,-0.111676,-0.015532
-0.067677,0.712465,-0.017818
-0.101614,-0.462646,0.007424
0.000000,0.000000,0.000000
0.000000,0.000000,0.000000
-0.064004,0.843434,-0.013133
-0.124101,-0.409839,0.008342
0.048189,0.278741,-0.011747
0.101240,-0.297740,0.010797
-0.000665,0.611103,-0.012721
-0.098391,-0.575645,0.011284
-0.135626,-0.261235,0.000040
-0.099346,-0.571766,-0.011765
0.000000,0.000000,0.000000
0.042117,-0.590131,-0.028987
0.000000,0.000000,0.000000
0.238469,-0.713661,-0.024508
0.062318,0.547576,0.006824
-0.088478,-0.580236,-0.003670
0.072531,-0.643575,0.024589
0.199266,-0.745555,-0.024508
0.000000,0.000000,0.000000
0.107106,0.258690,-0.006106
-0.116324,0.497524,-0.004869
-0.088159,-0.420014,-0.024508
0.000000,0.000000,0.000000
-0.069738,0.552992,-0.017818
0.000000,0.000000,0.000000
0.000000,0.000000,0.000000
0.124683,0.330106,0.001877
-0.062823,0.342118,0.000040
0.000000,0.000000,0.000000
0.000000,0.000000,0.000000
-0.017249,0.506256,-0.015588
0.100285,0.473012,0.002083
0.054167,-0.378413,-0.028987
0.000000,0.000000,0.000000
0.001865,0.677628,-0.011615
0.000000,0.000000,0.000000
-0.129873,-0.204698,-0.016431
0.085630,-0.543451,-0.028987
0.271413,-0.721794,-0.015888
0.185980,-0.665088,-0.024508
-0.017924,0.280034,-0.004045
-0.094324,-0.307053,-0.024508
0.177491,-0.675695,0.024589
0.000000,0.000000,0.000000
0.000000,0.000000,0.000000
0.000000,0.000000,0.000000
0.033647,-0.755487,-0.002152
0.041105,0.910353,0.000790
0.225539,-0.758504,0.024589
0.110685,-0.566575,-0.024508
0.178072,-0.741283,-0.002246
0.238469,-0.713661,-0.024508
-0.116812,0.292383,0.000040
-0.121740,0.462837,0.003489
0.000000,0.000000,0.000000
-0.112689,0.400041,0.013308
0.270944,-0.742107,0.022865
-0.107573,-0.531045,-0.014820
-0.075679,-0.413099,-0.022278
0.000000,0.000000,0.000000
0.109223,0.151219,-0.016244
-0.072118,0.746102,0.013458
0.244184,-0.681804,-0.024508
-0.012152,0.488322,0.015294
0.000000,0.000000,0.000000
-0.099140,-0.228516,-0.015457
-0.029186,-0.312544,-0.028987
0.000000,0.000000,0.000000
0.002015,-0.307259,-0.028987
-0.066047,0.396406,0.017899
0.000000,0.000000,0.000000
0.000000,0.000000,0.000000
-0.114038,-0.504529,0.011678
-0.099159,0.468328,0.010291
-0.045002,-0.464127,-0.028987
0.056434,0.829904,0.002851
-0.068145,0.622796,0.017899
-0.124101,-0.409839,0.008342
0.115745,-0.267925,-0.005469
0.094550,-0.499095,0.022359
-0.081881,0.519880,0.000040
0.000000,0.000000,0.000000
0.116101,-0.443532,0.024589
0.169058,-0.578662,0.019173
-0.100059,-0.246956,0.001989
0.000000,0.000000,0.000000
-0.126013,-0.389188,-0.010772
0.177491,-0.675695,0.024589
-0.076428,0.697660,0.002589
-0.002838,0.780770,-0.010173
0.112240,0.353061,0.002270
0.113421,-0.390012,-0.009029
0.102646,-0.322082,-0.001627
0.000000,0.000000,0.000000
0.167521,-0.783578,-0.015588
0.000000,0.000000,0.000000
-0.116399,0.115933,-0.017818
-0.079070,-0.218153,-0.024508
0.000000,0.000000,0.000000
-0.122321,-0.257806,-0.014914
-0.094643,0.610841,0.011621
0.016744,-0.135138,-0.019374
0.000000,0.000000,0.000000
0.010916,0.261950,-0.015813
0.000000,0.000000,0.000000
0.063799,-0.730358,-0.010997
0.018187,-0.580236,-0.028987
-0.027387,0.812514,-0.012009
0.000000,0.000000,0.000000
0.063836,-0.496227,0.029068
-0.120391,0.448501,-0.004944
0.030724,0.913932,0.001502
0.113739,-0.288688,0.007930
0.210528,-0.645318,0.024589
-0.038893,-0.308028,-0.028987
0.062019,0.840342,-0.001890
-0.081413,-0.386283,0.024589
-0.015694,0.912414,0.005325
0.000000,0.000000,0.000000
0.000000,0.000000,0.000000
-0.042604,0.420580,-0.017818
0.082782,0.557546,0.004538
-0.069626,0.656265,0.000040
0.000000,0.000000,0.000000
0.074031,0.601059,0.005119
-0.078920,-0.656018,-0.010041
-0.069139,0.613951,0.000040
-0.128767,-0.253477,0.000040
-0.064060,-0.505934,0.023577
-0.076110,0.597573,-0.017818
0.004076,0.409467,0.013908
-0.085554,0.456484,-0.017818
-0.072268,-0.044120,-0.024508
0.000000,0.000000,0.000000
0.069083,-0.584715,-0.028987
0.000000,0.000000,0.000000
-0.116587,-0.481892,-0.008392
0.000000,0.000000,0.000000
0.044310,0.706543,0.006787
0.136414,-0.531739,0.024589
0.000000,0.000000,0.000000
0.008761,0.879995,0.005437
0.099666,0.322291,0.004538
0.000000,0.000000,0.000000
-0.064978,-0.313087,-0.028987
0.000000,0.000000,0.000000
0.217106,-0.695727,-0.024508
-0.030948,-0.413249,0.029068
0.000000,0.000000,0.000000
0.064155,0.880014,-0.000147
-0.045002,-0.464127,-0.028987
-0.085779,-0.474471,-0.024508
0.000000,0.000000,0.000000
0.100116,-0.213187,-0.015176
0.109935,-0.576451,0.024589
-0.099890,-0.432026,0.001427
0.041593,0.616687,0.008323
0.079877,-0.450578,-0.022278
-0.077702,0.780001,0.011172
0.004076,0.540249,0.013083
-0.004525,0.248514,-0.003651
-0.034021,0.784499,-0.013377
-0.135776,0.338370,0.000022
-0.026506,0.905050,-0.006518
-0.109653,0.287717,0.000040
-0.059525,-0.234719,-0.028987
-0.006661,0.887828,0.006262
0.020211,-0.346556,-0.028987
-0.008666,0.853853,-0.008430
0.046783,0.804850,-0.004494
0.000000,0.000000,0.000000
0.000000,0.000000,0.000000
-0.059750,-0.103168,-0.024508
-0.084149,0.670020,0.014545
0.259176,-0.707870,-0.024508
0.000000,0.000000,0.000000
0.071463,-0.128560,-0.017818
-0.115893,-0.410851,-0.013977
-0.072437,-0.052741,-0.024508
0.000000,0.000000,0.000000
-0.122658,-0.217404,0.000040
0.000000,0.000000,0.000000
-0.052891,0.744790,0.016644
0.054410,0.357559,0.008829
0.156540,-0.551059,-0.008861
0.000000,0.000000,0.000000
0.069083,-0.584715,-0.028987
0.027313,0.932859,-0.000559
-0.081432,-0.356057,0.024327
-0.054634,0.727756,-0.017012
-0.096198,0.134185,-0.017818
-0.101277,-0.290825,0.016044
0.038519,-0.197409,-0.024508
0.189372,-0.750784,0.013270
0.096368,0.451181,0.002683
0.000000,0.000000,0.000000
-0.085498,0.601490,-0.011016
0.000000,0.000000,0.000000
0.106993,-0.354689,-0.005638
-0.122209,-0.278569,0.000040
0.076448,-0.182511,-0.017818
-0.072118,0.746102,0.013458
-0.010428,-0.674402,-0.013639
0.116981,0.601752,-0.000447
0.156915,-0.716041,0.002776
-0.114731,0.329750,0.004407
0.000000,0.000000,0.000000
-0.019985,0.754647,-0.012571
0.038295,0.650868,0.008248
0.033853,0.229775,-0.015794
0.114526,0.268734,-0.004438
0.000000,0.000000,0.000000
0.271413,-0.721794,-0.015888
-0.015787,-0.429646,-0.028987
0.101409,-0.413587,-0.024508
0.000000,0.000000,0.000000
0.000000,0.000000,0.000000
-0.003026,0.430268,0.014564
0.002034,-0.617378,-0.024508
-0.017924,0.280034,-0.004045
-0.131841,0.315339,-0.003764
0.000000,0.000000,0.000000
0.125095,-0.668311,-0.024508
0.009080,-0.623243,0.024589
0.127625,-0.770254,0.015669
0.034209,-0.403205,0.029068
-0.081394,0.583088,0.000040
0.125227,0.159746,-0.016937
-0.039437,0.962092,0.003357
0.041330,0.145822,-0.017818
0.129687,-0.472054,0.013570
-0.071275,0.755790,0.014489
-0.021747,-0.645318,0.024589
0.000000,0.000000,0.000000
0.000000,0.000000,0.000000
0.000000,0.000000,0.000000
0.048189,0.278741,-0.011747
0.197411,-0.622044,-0.019954
-0.069644,0.147752,-0.017818
0.000000,0.000000,0.000000
-0.008910,-0.269912,-0.028987
-0.008666,0.853853,-0.008430
0.039025,-0.126218,-0.017818
0.000000,0.000000,0.000000
0.233859,-0.736467,0.024589
0.025458,-0.523343,0.029068
-0.089471,0.162632,-0.017818
0.063162,-0.355719,0.029068
-0.042416,-0.610088,-0.024508
0.063162,-0.355719,0.029068
0.000000,0.000000,0.000000
0.000000,0.000000,0.000000
0.199772,-0.624330,0.024158
-0.087466,0.506256,0.000040
-0.043241,0.562362,0.002495
-0.088627,-0.578849,0.011041
0.000000,0.000000,0.000000
0.031811,-0.754344,0.008305
-0.006661,0.887828,0.006262
0.080927,0.169153,-0.017818
0.084693,0.428394,-0.004288
0.000000,0.000000,0.000000
-0.058326,0.635108,0.017899
0.238469,-0.713661,-0.024508
0.000000,0.000000,0.000000
-0.097697,-0.471379,0.015988
0.024990,0.637338,0.009804
-0.127362,-0.099139,-0.016937
-0.008779,-0.682179,0.012821
0.082332,0.658195,-0.003520
0.000000,0.000000,0.000000
0.094419,-0.320395,-0.024508
-0.091045,-0.304036,0.024589
-0.033759,-0.369212,0.029068
0.049051,-0.720969,0.015182
0.000000,0.000000,0.000000
-0.046464,-0.139766,-0.028987
0.074743,0.692151,-0.003820
0.000000,0.000000,0.000000
-0.099346,-0.571766,-0.011765
0.075586,0.434147,0.005194
0.012603,0.450019,-0.012515
0.046315,0.700209,-0.006631
0.054542,-0.628940,0.024589
0.091927,-0.667262,0.021478
0.000000,0.000000,0.000000
0.005294,0.909791,0.003882
0.028756,-0.730358,0.015669
0.054542,-0.628940,0.024589
0.072213,0.814632,-0.001702
0.000000,0.000000,0.000000
-0.012658,0.217650,-0.017818
0.001228,-0.531120,0.029068
0.225539,-0.758504,0.024589
-0.073074,-0.280293,-0.026420
-0.045283,0.583106,-0.009086
-0.035614,0.830692,-0.012159
0.000000,0.000000,0.000000
-0.096910,-0.187571,-0.008992
0.000000,0.000000,0.000000
0.056059,0.731597,0.005175
0.000000,0.000000,0.000000
0.000000,0.000000,0.000000
-0.084149,0.670020,0.014545
0.039269,0.199042,-0.007362
0.000000,0.000000,0.000000
-0.043297,0.464355,0.000040
0.000000,0.000000,0.000000
-0.030760,-0.696027,0.008342
-0.052236,0.688665,-0.017293
-0.094886,-0.467181,0.024589
0.134671,-0.809644,0.012277
0.033703,0.726013,0.007592
0.051562,-0.646836,-0.022915
-0.076953,-0.451496,0.023390
0.158283,-0.578962,0.024589
0.000000,0.000000,0.000000
0.085312,0.816974,0.000490
0.030555,-0.637541,0.024589
0.207699,-0.715666,0.024589
0.000000,0.000000,0.000000
-0.091776,0.349932,-0.017818
0.034284,-0.622344,0.024589
-0.060987,0.588260,-0.017818
-0.006961,-0.541314,-0.028987
-0.080813,-0.568355,-0.024508
0.000000,0.000000,0.000000
-0.097135,-0.398164,-0.024508
-0.064060,-0.505934,0.023577
0.009942,0.865060,0.006187
-0.046464,-0.139766,-0.028987
0.000000,0.000000,0.000000
-0.124101,-0.409839,0.008342
0.000000,0.000000,0.000000
0.000000,0.000000,0.000000
-0.116043,-0.359149,0.013177
-0.006043,0.644740,-0.012871
0.000000,0.000000,0.000000
0.016950,-0.600606,-0.022278
0.076673,0.256104,-0.010116
0.000000,0.000000,0.000000
-0.071668,0.482120,0.017899
-0.019161,0.804175,0.011209
0.000000,0.000000,0.000000
0.000000,0.000000,0.000000
-0.079389,0.606905,0.000040
0.011216,0.655178,-0.010960
0.098673,0.704425,0.001296
0.130343,0.237777,0.003601
-0.133152,0.187368,-0.013583
0.000000,0.000000,0.000000
-0.072512,-0.502749,0.023858
0.164898,-0.598076,-0.024508
-0.056040,0.331736,0.017899
0.112240,0.353061,0.002270
0.117319,-0.206666,-0.016019
-0.029224,0.618805,0.015763
0.051637,0.509817,-0.008186
-0.144508,-0.106410,-0.010960
0.000000,0.000000,0.000000
-0.032634,-0.347193,-0.028987
-0.131841,0.315339,-0.003764
0.014083,-0.185341,-0.022278
0.000000,0.000000,0.000000
0.000000,0.000000,0.000000
0.121048,-0.432926,-0.020517
0.206612,-0.675320,-0.024508
-0.084524,0.557265,0.017899
0.031680,-0.483972,0.029068
-0.139318,0.187405,0.001577
-0.095730,0.546452,0.014957
0.013858,0.569670,0.011790
-0.044140,-0.658960,-0.024508
-0.080345,-0.256738,-0.022278
-0.084224,-0.544819,-0.024508
0.012153,0.822783,0.007536
0.000000,0.000000,0.000000
0.114170,0.239594,0.006524
0.000000,0.000000,0.000000
-0.008217,-0.248361,-0.028987
0.000000,0.000000,0.000000
-0.015919,0.863186,0.008567
0.000000,0.000000,0.000000
0.196717,-0.760060,0.004819
0.178072,-0.741283,-0.002246
0.106993,-0.354689,-0.005638
-0.073542,-0.335350,0.027775
-0.070057,0.415801,-0.017818
-0.082162,0.494057,0.017899
0.000000,0.000000,0.000000
0.113458,-0.763358,-0.015232
0.026714,-0.430040,-0.028987
-0.070432,-0.487083,-0.022278
0.000000,0.000000,0.000000
0.013858,0.569670,0.011790
0.020211,-0.346556,-0.028987
0.108980,-0.153128,-0.008617
0.086698,0.716831,0.002308
0.229080,-0.782978,-0.024508
0.095094,-0.790530,0.015669
-0.028399,0.372251,-0.017818
-0.135776,0.338370,0.000022
0.102102,0.758245,0.000022
-0.106655,0.400022,-0.005844
0.064548,-0.652795,0.006393
0.000000,0.000000,0.000000
0.008761,0.879995,0.005437
-0.096461,-0.505260,-0.004888
0.098129,0.348395,-0.003989
0.000000,0.000000,0.000000
0.000000,0.000000,0.000000
0.008105,-0.319665,-0.028987
0.143067,-0.518677,-0.024508
0.000000,0.000000,0.000000
-0.121234,-0.403561,-0.016413
0.000000,0.000000,0.000000
0.129893,-0.572141,0.024589
0.240305,-0.648972,0.024589
0.000000,0.000000,0.000000
0.002596,-0.472691,-0.028987
0.000000,0.000000,0.000000
-0.104294,-0.449997,0.000040
0.099666,0.322291,0.004538
-0.097135,-0.398164,-0.024508
-0.070506,0.829530,0.010703
0.000000,0.000000,0.000000
0.178072,-0.741283,-0.002246
-0.072568,0.583575,-0.017818
0.008761,0.879995,0.005437
0.000000,0.000000,0.000000
-0.036907,0.596393,0.016868
0.019199,0.929579,-0.001421
-0.101127,-0.390237,-0.020592
0.139337,-0.599950,-0.024508
-0.061399,0.726819,-0.010210
0.072663,0.717861,0.003751
0.000000,0.000000,0.000000
0.115520,-0.682347,0.020223
0.000000,0.000000,0.000000
0.108342,-0.506628,0.024589
0.111940,-0.664058,0.024589
0.062243,-0.542308,-0.028987
0.000000,0.000000,0.000000
0.000000,0.000000,0.000000
0.000000,0.000000,0.000000
0.163567,-0.646817,-0.024508
-0.032091,-0.668705,0.024589
-0.063704,0.767933,0.017524
-0.022815,0.764466,-0.012759
0.108267,0.472038,-0.000934
-0.087672,-0.527391,0.024589
0.110572,-0.452714,-0.024508
0.015863,-0.239928,-0.028987
0.020024,-0.705434,0.015669
-0.072568,0.583575,-0.017818
0.000000,0.000000,0.000000
0.103114,-0.480430,0.024589
0.000000,0.000000,0.000000
0.000000,0.000000,0.000000
-0.110496,-0.531889,0.017618
0.100828,-0.303755,-0.008055
0.106581,0.508580,-0.001402
-0.053885,0.711509,-0.017181
-0.037862,0.921540,0.006187
-0.051973,0.987184,0.002008
-0.130004,-0.344138,0.014695
-0.003026,0.430268,0.014564
-0.104350,-0.406222,-0.008392
-0.044121,0.997397,-0.000971
0.000000,0.000000,0.000000
0.087354,-0.658005,-0.024508
0.000000,0.000000,0.000000
-0.105868,0.331267,0.000040
0.000000,0.000000,0.000000
0.000000,0.000000,0.000000
0.000000,0.000000,0.000000
-0.019985,0.754647,-0.012571
0.000000,0.000000,0.000000
0.000000,0.000000,0.000000
0.108436,-0.215980,-0.016956
0.249319,-0.742163,0.024589
-0.127587,0.292852,-0.009723
0.121910,0.385143,-0.001552
0.070039,0.348733,-0.007230
0.103564,-0.330196,0.010441
-0.075379,0.490852,-0.017818
0.000000,0.000000,0.000000
0.110179,-0.678731,0.013345
0.079071,0.637376,-0.004120
0.000000,0.000000,0.000000
-0.014326,0.737744,0.012427
0.000000,0.000000,0.000000
0.000000,0.000000,0.000000
0.125526,0.300479,0.002083
0.037564,0.724383,-0.007155
0.204719,-0.770516,0.006112
0.117656,-0.253383,0.007611
0.088085,0.465985,-0.004176
0.063462,-0.766487,-0.015588
-0.096910,-0.187571,-0.008992
0.025758,-0.117298,-0.017818
0.066441,-0.273528,-0.022278
0.103845,-0.332389,0.023914
-0.070432,-0.487083,-0.022278
0.088647,0.223591,-0.011184
0.000000,0.000000,0.000000
-0.139880,-0.203368,-0.017799
0.000000,0.000000,0.000000
-0.033309,-0.703429,-0.002958
0.000000,0.000000,0.000000
0.000000,0.000000,0.000000
0.015620,-0.730114,0.015669
-0.099665,0.690371,-0.002564
0.000000,0.000000,0.000000
0.180658,-0.673465,-0.024508
-0.091738,-0.549822,0.000434
0.123727,-0.807901,-0.000053
0.000000,0.000000,0.000000
-0.114525,0.331624,-0.007849
0.000000,0.000000,0.000000
-0.094680,0.264967,-0.017818
-0.036045,0.268434,0.000040
-0.059900,0.943147,0.003114
0.200072,-0.764576,0.014376
0.000000,0.000000,0.000000
0.000000,0.000000,0.000000
0.052237,0.655497,-0.006687
0.010073,0.802133,-0.008355
-0.096329,0.429087,0.017899
-0.072268,-0.044120,-0.024508
-0.008160,0.192521,-0.017818
-0.062917,0.107163,-0.017818
-0.072137,0.198649,-0.017818
0.125545,0.313390,-0.001365
0.088085,0.465985,-0.004176
0.108342,-0.506628,0.024589
0.000000,0.000000,0.000000
-0.133059,-0.306678,0.011172
0.208130,-0.631676,-0.015944
0.000000,0.000000,0.000000
-0.051111,0.471813,0.017899
-0.131372,0.359395,-0.002152
-0.131841,0.315339,-0.003764
0.236445,-0.675133,0.024589
0.088347,-0.643294,-0.024508
0.112521,-0.307990,0.002758
-0.120728,-0.093630,-0.016600
0.000000,0.000000,0.000000
-0.096404,0.300366,0.017899
0.000000,0.000000,0.000000
-0.091045,-0.304036,0.024589
-0.134239,-0.290412,0.017730
0.009455,-0.275515,-0.028987
0.000000,0.000000,0.000000
0.000000,0.000000,0.000000
0.000000,0.000000,0.000000
0.113739,-0.288688,0.007930
0.095094,-0.790530,0.015669
-0.131428,-0.237061,-0.016919
0.000000,0.000000,0.000000
-0.040205,0.529530,-0.010454
0.000000,0.000000,0.000000
0.019611,0.789334,0.007724
0.000000,0.000000,0.000000
0.041630,0.679820,0.007536
0.082594,-0.377251,-0.024508
0.000000,0.000000,0.000000
0.181595,-0.603173,0.022284
-0.083999,-0.064790,-0.024508
0.000000,0.000000,0.000000
-0.048769,-0.551096,0.029068
-0.007523,0.865978,-0.007605
-0.032672,0.438101,-0.003201
0.000000,0.000000,0.000000
0.005594,0.285956,-0.015382
0.000000,0.000000,0.000000
0.076073,-0.782022,-0.006668
0.030724,0.913932,0.001502
-0.027425,-0.420914,-0.028987
0.000000,0.000000,0.000000
0.000000,0.000000,0.000000
0.153617,-0.764594,0.009785
-0.095655,-0.599575,0.000040
0.000000,0.000000,0.000000
0.038519,-0.400357,-0.028987
-0.027387,0.812514,-0.012009
0.016782,0.500484,-0.012009
0.000000,0.000000,0.000000
0.000000,0.000000,0.000000
0.098392,-0.252896,0.009448
0.127419,0.425133,0.000190
0.078715,0.526551,0.004444
-0.065953,0.340056,0.017899
-0.013782,-0.135850,-0.024508
-0.002838,0.780770,-0.010173
0.000000,0.000000,0.000000
-0.090408,0.269409,0.000040
-0.042004,0.701839,-0.015963
0.087785,0.314589,-0.006012
0.060707,0.111173,-0.017818
0.000000,0.000000,0.000000
0.000000,0.000000,0.000000
-0.121534,0.434372,-0.004907
0.000000,0.000000,0.000000
0.108980,-0.153128,-0.008617
-0.061399,0.726819,-0.010210
0.084787,0.437482,-0.004120
0.046221,-0.182286,-0.024508
0.000000,0.000000,0.000000
-0.008160,0.192521,-0.017818
-0.015619,-0.632294,-0.024508
0.000000,0.000000,0.000000
0.000000,0.000000,0.000000
0.127850,-0.627291,-0.024508
-0.038893,-0.308028,-0.028987
0.120504,-0.235038,-0.000709
0.000000,0.000000,0.000000
-0.058495,0.328044,-0.017818
0.051562,-0.646836,-0.022915
-0.072512,0.887228,-0.001552
-0.028961,-0.273603,-0.028987
-0.053791,-0.587338,0.022359
0.000000,0.000000,0.000000
0.083026,-0.192031,-0.008973
0.000000,0.000000,0.000000
0.017138,-0.329447,-0.028987
0.094738,-0.429965,-0.024508
-0.081001,-0.601805,-0.024508
-0.079426,0.524096,-0.017818
-0.079782,0.475842,-0.017818
0.085593,-0.507921,0.029068
-0.101633,-0.371704,-0.023534
0.004114,0.217369,-0.017818
-0.028080,-0.401687,-0.028987
0.126295,-0.532938,0.024589
-0.027425,0.317007,-0.017818
0.047552,0.371295,-0.009367
0.181595,-0.603173,0.022284
-0.098559,0.099180,-0.017818
-0.051973,0.987184,0.002008
0.219205,-0.638741,0.001034
0.000000,0.000000,0.000000
-0.071275,0.755790,0.014489
0.058121,-0.726741,-0.005488
-0.036345,0.582863,0.016943
0.128169,-0.466525,-0.017687
0.000000,0.000000,0.000000
-0.094212,-0.520195,-0.010922
0.046802,-0.624461,-0.024508
0.161637,-0.718945,-0.024508
-0.101858,-0.351747,-0.007999
0.041799,0.494413,0.009391
-0.011646,-0.361735,0.029068
0.029019,-0.555294,0.029068
0.000000,0.000000,0.000000
0.000000,0.000000,0.000000
0.202021,-0.694622,0.024589
0.029019,0.458414,0.010666
0.033085,-0.352065,0.029068
0.189372,-0.750784,0.013270
0.134409,-0.696477,-0.006087
-0.051617,0.659282,-0.017631
0.000000,0.000000,0.000000
-0.125038,0.308686,0.010441
0.000000,0.000000,0.000000
-0.042604,0.420580,-0.017818
-0.028999,0.472356,0.017225
0.074574,-0.474134,-0.028987
-0.023639,0.218381,-0.017818
0.014552,0.480845,-0.012402
0.083813,0.527769,-0.003614
-0.032953,-0.519708,0.029068
-0.054634,0.727756,-0.017012
-0.074479,0.690108,0.017899
-0.098503,0.349164,0.000040
0.167128,-0.725954,-0.008280
0.076167,-0.527279,-0.028987
-0.059019,0.929092,-0.005263
0.000000,0.000000,0.000000
0.000000,0.000000,0.000000
-0.035370,0.140800,-0.017818
0.213339,-0.663851,-0.024508
0.225801,-0.772503,-0.024508
-0.030067,0.401428,-0.009854
-0.076765,0.533878,-0.017818
0.064548,-0.652795,0.006393
0.000000,0.000000,0.000000
-0.071462,0.534871,0.017899
0.000000,0.000000,0.000000
0.055554,0.396068,0.008005
0.000000,0.000000,0.000000
0.117319,-0.206666,-0.016019
0.101240,-0.754531,-0.003239
0.088872,0.782081,-0.000840
-0.066047,0.396406,0.017899
0.071313,-0.596015,-0.028987
-0.073880,0.770051,0.015238
0.096368,0.451181,0.002683
-0.075285,0.413908,0.017899
-0.060781,0.600253,0.017899
0.000000,0.000000,0.000000
0.056565,0.226627,-0.014145
-0.054409,0.567834,0.000040
-0.106055,0.568752,0.007161
-0.112183,-0.298058,-0.012253
0.126857,-0.590580,0.024589
0.037208,0.748594,-0.006818
-0.031154,0.459239,-0.017481
0.000000,0.000000,0.000000
-0.064978,-0.313087,-0.028987
0.205712,-0.733806,0.024589
0.073806,0.288129,0.008811
0.108305,-0.362840,0.024308
0.136545,0.231311,0.002570
0.000000,0.000000,0.000000
0.033947,-0.618821,-0.024508
0.000000,0.000000,0.000000
0.036758,-0.330477,-0.028987
0.000000,0.000000,0.000000
-0.006867,0.334078,-0.015569
0.000000,0.000000,0.000000
-0.032634,-0.347193,-0.028987
0.091121,0.568790,-0.003483
0.000000,0.000000,0.000000
0.030330,-0.577688,-0.028987
-0.135251,0.291502,-0.002527
0.000000,0.000000,0.000000
0.099029,-0.275421,0.011490
-0.096329,0.429087,0.017899
0.000000,0.000000,0.000000
0.075586,0.434147,0.005194
0.204719,-0.770516,0.006112
0.109935,-0.576451,0.024589
-0.069532,-0.095054,-0.024508
0.000000,0.000000,0.000000
0.000000,0.000000,0.000000
0.154010,-0.790511,0.015669
0.061794,-0.264908,-0.027788
0.042942,-0.496865,-0.028987
-0.067677,0.712465,-0.017818
0.031811,-0.754344,0.008305
0.025177,-0.449847,-0.028987
-0.058495,0.328044,-0.017818
0.248963,-0.763676,0.024589
-0.095261,0.636645,0.009635
0.093070,-0.479231,-0.024508
-0.094643,0.610841,0.011621
-0.104350,-0.406222,-0.008392
0.056359,-0.422544,-0.028987
0.114227,0.652498,0.000359
-0.028999,0.472356,0.017225
0.213339,-0.663851,-0.024508
0.000000,0.000000,0.000000
0.000000,0.000000,0.000000
0.015620,-0.730114,0.015669
-0.104294,-0.449997,0.000040
0.042942,0.410423,0.009373
0.145840,-0.615916,0.024589
0.000000,0.000000,0.000000
-0.107948,0.235753,-0.013433
0.000000,0.000000,0.000000
0.000000,0.000000,0.000000
0.109223,0.151219,-0.016244
0.214295,-0.720913,-0.024508
-0.007411,-0.688700,-0.007793
0.000000,0.000000,0.000000
0.000000,0.000000,0.000000
0.197411,-0.622044,-0.019954
-0.091045,-0.304036,0.024589
0.088647,-0.171436,-0.017818
0.225801,-0.772503,-0.024508
0.106993,0.438682,-0.002096
0.000000,0.000000,0.000000
0.026545,0.483057,-0.011091
0.000000,0.000000,0.000000
-0.139880,-0.203368,-0.017799
-0.098559,0.099180,-0.017818
-0.128767,-0.253477,0.000040
0.269183,-0.705959,-0.018043
0.000000,0.000000,0.000000
-0.055871,-0.372435,-0.028987
-0.008517,0.798347,-0.010435
0.000000,0.000000,0.000000
0.023547,0.191022,-0.017818
0.047327,0.883424,-0.001477
-0.074048,0.814107,0.009897
-0.019985,0.754647,-0.012571
-0.100152,-0.423312,0.017412
-0.089471,0.162632,-0.017818
-0.074592,-0.622456,0.024589
-0.088440,0.447902,-0.017818
-0.116174,0.407987,0.010553
-0.058026,0.351581,0.000040
-0.083249,0.230487,-0.017818
-0.046464,-0.139766,-0.028987
0.225539,-0.758504,0.024589
0.000000,0.000000,0.000000
0.145372,-0.666719,0.024589
0.000000,0.000000,0.000000
0.000000,0.000000,0.000000
0.040618,-0.423800,0.029068
-0.009022,-0.464689,-0.028987
-0.051823,0.441137,-0.017818
0.000000,0.000000,0.000000
0.126857,-0.590580,0.024589
0.103264,0.570232,0.002196
0.022816,0.410498,0.011921
-0.036907,0.596393,0.016868
0.000000,0.000000,0.000000
0.000000,0.000000,0.000000
-0.078958,0.714676,0.015051
0.061756,-0.290806,-0.028987
-0.075023,0.250332,0.000040
-0.035370,0.140800,-0.017818
0.000000,0.000000,0.000000
-0.107948,0.235753,-0.013433
0.000000,0.000000,0.000000
0.153561,-0.586608,-0.024508
0.030724,0.913932,0.001502
0.000647,-0.726572,0.015669
-0.005856,-0.569124,-0.028987
0.000000,0.000000,0.000000
-0.010372,-0.674627,0.001446
0.000000,0.000000,0.000000
0.000000,0.000000,0.000000
0.100753,0.335203,-0.003932
0.000000,0.000000,0.000000
0.000000,0.000000,0.000000
0.000000,0.000000,0.000000
0.000000,0.000000,0.000000
0.111041,-0.615279,-0.028949
0.000000,0.000000,0.000000
-0.057426,-0.594853,0.024589
-0.042322,-0.505916,0.029068
0.114901,-0.435174,0.024589
-0.022477,0.718780,0.013608
-0.062167,0.262925,-0.017818
0.000000,0.000000,0.000000
-0.141922,-0.014981,-0.017818
0.000000,0.000000,0.000000
0.018187,-0.580236,-0.028987
-0.101745,-0.337973,-0.020123
-0.100602,0.454854,0.004613
0.070283,-0.628734,-0.024377
0.000000,0.000000,0.000000
0.064042,-0.645131,-0.024508
0.000000,0.000000,0.000000
0.000000,0.000000,0.000000
0.000000,0.000000,0.000000
-0.094662,0.464655,-0.017818
0.060313,0.780920,-0.003764
-0.071650,0.360070,-0.017818
0.000000,0.000000,0.000000
0.012153,0.822783,0.007536
0.164898,-0.598076,-0.024508
0.028025,0.588597,0.010085
-0.102513,0.190778,-0.017818
0.000000,0.000000,0.000000
0.000000,0.000000,0.000000
0.072531,-0.643575,0.024589
0.000000,0.000000,0.000000
-0.025213,0.403770,0.017318
-0.053360,0.524452,0.000040
0.069046,0.751799,-0.003445
0.042099,-0.530577,0.029068
0.000000,0.000000,0.000000
0.000000,0.000000,0.000000
0.039269,0.199042,-0.007362
-0.013632,-0.648841,0.010385
-0.106655,0.400022,-0.005844
-0.054241,0.667078,-0.007324
0.000000,0.000000,0.000000
-0.094474,0.514183,0.017787
-0.046295,-0.416116,0.029068
0.033947,-0.618821,-0.024508
-0.011271,-0.180525,-0.026232
0.000000,0.000000,0.000000
-0.010372,-0.674627,0.001446
0.068071,0.858295,0.000790
0.063968,0.360239,-0.007793
-0.048000,0.481014,0.000040
0.164898,-0.598076,-0.024508
-0.075379,0.490852,-0.017818
0.000000,0.000000,0.000000
0.042680,0.824020,-0.004251
0.059002,0.588335,-0.006743
-0.023845,0.790027,0.012296
-0.084542,-0.615391,-0.002452
0.031099,-0.454738,0.029068
0.000000,0.000000,0.000000
-0.093706,-0.557430,-0.005356
-0.067358,-0.547311,-0.023834
0.197729,-0.782509,-0.002714
-0.114582,0.315245,-0.017818
0.118368,-0.440009,-0.024508
0.099666,-0.545624,0.022359
-0.012658,0.217650,-0.017818
0.000000,0.000000,0.000000
0.000000,0.000000,0.000000
0.004076,0.409467,0.013908
0.069870,-0.655362,-0.003314
-0.090408,0.269409,0.000040
0.080402,0.649219,-0.003839
0.046783,0.804850,-0.004494
0.000000,0.000000,0.000000
0.233859,-0.736467,0.024589
0.042230,0.379465,0.009729
0.000000,0.000000,0.000000
0.213508,-0.742295,-0.024508
0.071426,0.490946,0.005681
0.073000,0.836220,0.001090
-0.107367,-0.111676,-0.015532
-0.102401,0.532248,-0.011578
-0.125038,0.308686,0.010441
0.136545,0.231311,0.002570
-0.125019,0.362113,0.006862
0.000000,0.000000,0.000000
0.097286,-0.582953,0.029068
0.113421,-0.390012,-0.009029
-0.093462,0.567815,0.015013
-0.046914,0.808073,0.014564
0.092545,-0.748704,0.012427
0.000000,0.000000,0.000000
-0.146064,0.006251,-0.017818
0.225801,-0.772503,-0.024508
0.000000,0.000000,0.000000
0.000000,0.000000,0.000000
0.099891,0.665129,0.001708
0.041799,0.494413,0.009391
-0.069738,0.552992,-0.017818
-0.057426,-0.594853,0.024589
-0.068145,0.622796,0.017899
0.109935,-0.576451,0.024589
0.097043,-0.341402,0.024589
0.000000,0.000000,0.000000
-0.065484,-0.653526,-0.024508
-0.056527,0.723052,0.017393
0.098973,-0.273997,-0.023665
-0.043241,0.562362,0.002495
0.059901,0.135216,-0.017818
0.000000,0.000000,0.000000
-0.137444,-0.244501,0.004144
0.105063,-0.800499,0.006299
0.092545,-0.748704,0.012427
-0.023695,0.527956,-0.016075
-0.030948,-0.413249,0.029068
0.075342,-0.737741,0.010047
0.000000,0.000000,0.000000
-0.011815,0.139751,-0.017818
0.163399,-0.686507,-0.024508
0.000000,0.000000,0.000000
-0.031791,0.952854,-0.003483
0.000000,0.000000,0.000000
0.000000,0.000000,0.000000
0.022816,0.410498,0.011921
-0.031997,0.644253,-0.015682
-0.045902,0.502002,0.000040
0.000000,0.000000,0.000000
0.000000,0.000000,0.000000
0.042904,-0.425186,-0.028987
0.000000,0.000000,0.000000
0.129893,0.293189,0.001071
0.136208,-0.495609,0.016831
0.000000,0.000000,0.000000
-0.060406,0.306307,0.017899
0.000000,0.000000,0.000000
0.000000,0.000000,0.000000
0.126613,-0.459910,0.011209
-0.124139,0.145747,-0.012702
0.071426,0.490946,0.005681
0.119436,-0.424118,0.000846
0.096049,0.403470,0.003582
0.074012,-0.413399,-0.028818
0.000000,0.000000,0.000000
0.000000,0.000000,0.000000
-0.008517,0.798347,-0.010435
-0.022215,-0.389881,0.029068
0.098523,0.173763,-0.016881
0.000000,0.000000,0.000000
-0.033590,0.576772,-0.016619
0.065129,0.800783,-0.002770
0.004976,-0.236049,-0.028987
-0.087334,-0.569292,0.024589
0.000000,0.000000,0.000000
0.115613,-0.397508,0.000040
0.000000,0.000000,0.000000
-0.089827,-0.568168,-0.012196
0.080927,0.169153,-0.017818
-0.061680,-0.416060,0.029068
-0.002014,0.399217,0.014807
0.000000,0.000000,0.000000
-0.024801,0.313559,0.002139
0.000000,0.000000,0.000000
-0.032578,-0.100245,-0.024508
0.000000,0.000000,0.000000
0.050063,-0.122151,-0.017818
-0.054728,0.409654,0.000040
0.000000,0.000000,0.000000
-0.010428,-0.674402,-0.013639
-0.036907,0.596393,0.016868
0.036271,-0.511631,-0.028987
-0.060406,-0.672528,-0.024508
-0.121703,0.367041,-0.008936
0.100434,0.722396,-0.000765
-0.071725,0.404370,-0.017818
0.000000,0.000000,0.000000
-0.043897,0.569071,-0.006687
-0.088796,-0.262809,-0.024508
0.095094,-0.790530,0.015669
0.048002,-0.309901,-0.028987
0.064530,-0.368949,-0.028987
0.000000,0.000000,0.000000
-0.017924,0.280034,-0.004045
-0.072755,0.284831,-0.017818
0.000000,0.000000,0.000000
-0.074854,0.408080,0.000040
0.114526,0.268734,-0.004438
-0.102438,0.366404,0.017899
-0.052236,0.688665,-0.017293
0.063462,-0.766487,-0.015588
0.000000,0.000000,0.000000
0.114077,-0.804434,0.015669
0.000000,0.000000,0.000000
0.071744,0.157403,-0.017818
0.000000,0.000000,0.000000
0.070114,-0.377157,-0.022278
0.073806,0.288129,0.008811
-0.049387,0.622984,-0.001178
0.146365,-0.784046,0.015669
-0.116156,0.260395,-0.005319
-0.129629,0.200954,0.001446
-0.085498,0.601490,-0.011016
0.000000,0.000000,0.000000
0.083513,0.338126,0.006224
0.160832,-0.561103,0.023558
0.000000,0.000000,0.000000
0.087785,0.314589,-0.006012
-0.096573,-0.491093,0.005606
0.000000,0.000000,0.000000
0.000000,0.000000,0.000000
-0.121740,0.390222,0.007499
-0.083905,0.617681,0.013139
-0.035370,0.140800,-0.017818
0.044310,0.706543,0.006787
0.027088,0.776666,-0.007118
0.267646,-0.695184,0.017243
-0.105343,0.411772,0.008192
-0.008779,-0.682179,0.012821
-0.084224,-0.544819,-0.024508
-0.009716,0.629524,-0.013508
0.063649,-0.365951,0.029068
0.046221,-0.182286,-0.024508
0.200072,-0.764576,0.014376
0.050419,-0.414336,0.029068
0.088947,-0.466750,-0.022278
-0.111471,0.502583,0.007686
-0.106055,0.568752,0.007161
0.114526,-0.395091,0.009523
-0.015694,0.912414,0.005325
-0.021896,0.449251,-0.016563
0.034209,-0.403205,0.029068
0.000000,0.000000,0.000000
0.112521,-0.307990,0.002758
-0.078958,0.714676,0.015051
-0.054241,0.667078,-0.007324
0.096986,0.351562,0.004407
-0.028399,0.372251,-0.017818
-0.023695,0.527956,-0.016075
0.040618,-0.423800,0.029068
-0.025944,-0.678824,0.024589
0.070845,-0.449866,0.029068
-0.001152,0.335915,0.014976
0.113646,-0.530108,-0.024508
-0.086791,-0.522331,-0.024508
-0.046295,-0.416116,0.029068
0.017438,0.428225,-0.012140
-0.110197,-0.404236,0.011340
-0.029917,0.999552,-0.000016
0.000000,0.000000,0.000000
0.000000,0.000000,0.000000
0.000000,0.000000,0.000000
0.000000,0.000000,0.000000
0.000000,0.000000,0.000000
-0.087840,-0.128691,-0.024508
0.167128,-0.725954,-0.008280
-0.009379,0.313671,-0.016207
-0.006661,0.887828,0.006262
-0.080139,0.415632,-0.017818
-0.025026,0.574730,-0.015757
0.033085,-0.352065,0.029068
0.007150,0.225409,-0.017818
0.000000,0.000000,0.000000
-0.064397,-0.485958,0.029068
0.000000,0.000000,0.000000
0.000000,0.000000,0.000000
-0.100602,0.454854,0.004613
0.238431,-0.660891,-0.024508
0.031848,0.303027,0.012502
0.051206,-0.163959,-0.017818
0.085312,0.816974,0.000490
-0.077178,0.567440,0.000040
-0.002838,0.780770,-0.010173
-0.010428,-0.674402,-0.013639
-0.040954,0.928418,-0.005787
0.222372,-0.680005,0.024589
0.163399,-0.686507,-0.024508
0.000000,0.000000,0.000000
0.078922,-0.279544,-0.024508
0.050063,-0.122151,-0.017818
-0.107442,-0.559304,0.014151
0.000000,0.000000,0.000000
0.000000,0.000000,0.000000
-0.096573,-0.491093,0.005606
0.000000,0.000000,0.000000
-0.052329,0.966608,0.003732
0.000000,0.000000,0.000000
0.000000,0.000000,0.000000
0.000000,0.000000,0.000000
0.000000,0.000000,0.000000
0.103845,-0.332389,0.023914
0.000000,0.000000,0.000000
0.033703,0.726013,0.007592
0.100809,-0.653920,0.024589
0.000000,0.000000,0.000000
-0.114038,-0.504529,0.011678
0.111228,-0.613967,0.029068
0.000000,0.000000,0.000000
0.000000,0.000000,0.000000
0.249319,-0.742163,0.024589
-0.074292,0.721441,-0.014239
-0.128411,0.322741,-0.006012
-0.057558,-0.397771,-0.028987
0.047140,-0.341665,0.029068
0.000000,0.000000,0.000000
0.042942,-0.496865,-0.028987
0.000000,0.000000,0.000000
0.000000,0.000000,0.000000
-0.118798,0.445316,0.006168
0.000000,0.000000,0.000000
-0.111939,-0.522819,-0.005319
0.000000,0.000000,0.000000
0.108773,-0.407590,0.024589
-0.028999,0.472356,0.017225
0.131823,-0.768230,-0.003857
0.000000,0.000000,0.000000
0.048189,0.278741,-0.011747
0.000000,0.000000,0.000000
-0.099159,0.468328,0.010291
-0.012789,0.583088,-0.014370
0.009455,-0.275515,-0.028987
-0.083643,0.379240,0.017899
0.192407,-0.616759,0.006880
0.000000,0.000000,0.000000
0.005463,-0.632238,0.009541
0.103564,-0.330196,0.010441
0.000000,0.000000,0.000000
0.219205,-0.638741,0.001034
0.063162,-0.355719,0.029068
-0.104462,-0.570679,0.000040
-0.112651,-0.515773,0.000040
0.177828,-0.737254,-0.013902
0.108980,-0.153128,-0.008617
0.000000,0.000000,0.000000
0.000000,0.000000,0.000000
0.068071,0.858295,0.000790
0.133247,-0.684502,-0.024508
-0.110215,0.154311,-0.017818
0.116981,0.601752,-0.000447
-0.135626,-0.261235,0.000040
0.013858,0.569670,0.011790
-0.107329,0.266841,-0.012571
0.000000,0.000000,0.000000
0.015620,-0.730114,0.015669
0.000000,0.000000,0.000000
0.001190,-0.152978,-0.024508
0.038519,-0.400357,-0.028987
-0.094924,-0.640633,0.008080
-0.001377,0.228744,-0.017818
-0.094924,-0.640633,0.008080
-0.114582,0.315245,-0.017818
-0.014232,0.547858,-0.014876
0.064811,-0.197034,-0.024508
0.129893,0.293189,0.001071
0.022816,0.410498,0.011921
-0.003438,0.830579,-0.008617
0.175036,-0.763882,-0.015588
-0.053941,0.450375,-0.017818
0.078341,-0.652102,0.024589
0.036758,-0.330477,-0.028987
-0.128018,-0.356244,-0.017518
-0.042004,0.701839,-0.015963
-0.059000,-0.196772,-0.028987
-0.057595,-0.688550,-0.011672
-0.044552,0.547764,-0.017818
-0.041048,0.843172,-0.011803
-0.092563,0.700078,-0.006612
0.000000,0.000000,0.000000
0.139375,-0.700581,0.004688
0.163399,-0.686507,-0.024508
-0.064397,-0.485958,0.029068
0.000000,0.000000,0.000000
0.098729,-0.321632,0.024589
0.003083,-0.402755,-0.028987
0.095806,0.140838,-0.015176
0.093707,-0.591967,0.029068
0.080533,0.409111,0.005400
-0.056602,0.776647,0.016456
0.000000,0.000000,0.000000
-0.105680,0.524527,-0.009966
-0.134146,0.305089,0.002533
0.160832,-0.561103,0.023558
0.114826,0.535433,-0.000765
-0.066909,-0.122320,-0.024508
0.100753,0.335203,-0.003932
0.074237,0.323472,0.007368
0.050419,-0.414336,0.029068
-0.036345,0.582863,0.016943
-0.034190,-0.239123,-0.028987
0.083026,-0.192031,-0.008973
0.223459,-0.671553,-0.024508
0.000000,0.000000,0.000000
0.056359,-0.422544,-0.028987
-0.111471,0.502583,0.007686
0.018168,0.319893,-0.013265
0.186317,-0.636960,-0.024508
0.000000,0.000000,0.000000
0.000000,0.000000,0.000000
0.082594,-0.377251,-0.024508
0.048002,-0.309901,-0.028987
0.089210,0.397455,0.004388
0.099891,0.665129,0.001708
0.129893,-0.572141,0.024589
0.016688,0.840829,-0.006218
-0.111265,0.359601,0.014657
-0.017924,0.280034,-0.004045
0.124009,-0.447336,0.005662
0.111041,-0.615279,-0.028949
0.136545,0.231311,0.002570
0.031492,0.407593,0.010966
-0.044290,0.275049,-0.017818
-0.023939,0.420636,0.017093
-0.006212,-0.599126,-0.024508
0.131823,-0.768230,-0.003857
-0.030254,-0.517103,-0.028987
-0.042379,0.539444,0.000040
0.000000,0.000000,0.000000
0.000000,0.000000,0.000000
-0.001789,0.423016,-0.014389
0.000000,0.000000,0.000000
-0.094287,0.514239,0.008792
0.000000,0.000000,0.000000
0.269351,-0.707158,0.002289
-0.069832,-0.354314,0.029068
0.002877,0.367622,-0.014370
0.000000,0.000000,0.000000
0.000000,0.000000,0.000000
0.000000,0.000000,0.000000
0.086736,-0.441846,-0.023890
0.013821,-0.526304,-0.028987
0.000000,0.000000,0.000000
-0.076110,0.597573,-0.017818
0.000000,0.000000,0.000000
0.130586,0.450712,0.000040
0.000000,0.000000,0.000000
-0.028736,0.381077,-0.008149
0.000000,0.000000,0.000000
0.164898,-0.598076,-0.024508
-0.104350,-0.406222,-0.008392
0.000000,0.000000,0.000000
0.074986,0.384918,-0.006031
-0.137331,-0.246300,-0.006668
0.000000,0.000000,0.000000
0.110497,0.482307,0.000753
0.000000,0.000000,0.000000
0.033853,0.229775,-0.015794
-0.027931,0.747676,0.013683
-0.059900,0.943147,0.003114
0.000000,0.000000,0.000000
0.000000,0.000000,0.000000
0.141755,-0.702548,-0.008486
0.000000,0.000000,0.000000
0.098842,-0.509139,0.024589
-0.078302,-0.410607,0.022359
0.000000,0.000000,0.000000
0.125545,0.313390,-0.001365
0.000000,0.000000,0.000000
-0.071837,0.314627,0.000040
-0.022740,-0.289288,-0.028987
-0.030254,-0.517103,-0.028987
-0.030948,-0.413249,0.029068
0.000000,0.000000,0.000000
0.012153,0.822783,0.007536
-0.077984,-0.648654,-0.024508
0.048376,0.687691,-0.006631
0.000000,0.000000,0.000000
-0.062617,-0.336062,-0.028987
-0.039774,0.600272,-0.017050
0.000000,0.000000,0.000000
-0.006867,0.334078,-0.015569
0.046802,-0.624461,-0.024508
0.000000,0.000000,0.000000
0.000000,0.000000,0.000000
-0.072755,0.284831,-0.017818
0.000000,0.000000,0.000000
-0.041385,-0.620507,0.024589
-0.117318,0.296487,-0.017818
0.114826,0.535433,-0.000765
0.151199,-0.566969,-0.024508
0.000000,0.000000,0.000000
0.000000,0.000000,0.000000
0.092807,-0.149305,-0.017818
-0.049331,0.756540,-0.015963
-0.058288,0.304339,-0.017818
0.096949,-0.202000,-0.008130
0.112353,-0.384615,-0.022016
-0.078958,0.714676,0.015051
0.000000,0.000000,0.000000
0.000000,0.000000,0.000000
0.022816,0.410498,0.011921
0.000000,0.000000,0.000000
0.000000,0.000000,0.000000
-0.126013,-0.389188,-0.010772
0.000000,0.000000,0.000000
0.092545,-0.748704,0.012427
0.000000,0.000000,0.000000
-0.110665,0.275911,0.001764
0.000000,0.000000,0.000000
0.000000,0.000000,0.000000
-0.091382,0.717524,0.006206
-0.005200,0.586105,0.013608
0.000000,0.000000,0.000000
0.000000,0.000000,0.000000
-0.049200,0.956564,0.004294
0.000000,0.000000,0.000000
0.000000,0.000000,0.000000
0.000000,0.000000,0.000000
-0.070506,0.829530,0.010703
-0.073542,-0.335350,0.027775
0.001041,0.867496,-0.006762
0.037208,0.748594,-0.006818
-0.139880,-0.203368,-0.017799
0.000000,0.000000,0.000000
0.000000,0.000000,0.000000
0.208205,-0.770085,0.024589
-0.071387,0.327707,-0.017818
0.000000,0.000000,0.000000
-0.059975,-0.419621,-0.028987
0.049763,0.464261,0.008342
0.060407,0.185850,-0.012477
0.000000,0.000000,0.000000
0.000000,0.000000,0.000000
0.120710,-0.658661,0.024589
0.085312,0.816974,0.000490
0.177491,-0.675695,0.024589
-0.104294,-0.449997,0.000040
-0.037413,0.342661,0.000040
0.101934,-0.342695,-0.024508
0.108773,-0.407590,0.024589
0.000000,0.000000,0.000000
0.108436,-0.215980,-0.016956
0.013858,0.569670,0.011790
-0.034808,0.465648,0.015575
-0.094287,0.514239,0.008792
-0.083905,0.617681,0.013139
-0.042210,0.837700,0.012334
0.153617,-0.764594,0.009785
0.074031,0.601059,0.005119
0.186317,-0.636960,-0.024508
0.052274,-0.403074,-0.028987
-0.091738,-0.549822,0.000434
0.078622,0.149645,-0.017818
-0.107329,0.266841,-0.012571
0.112147,-0.383547,0.017993
-0.019910,0.949387,-0.002977
-0.135251,0.291502,-0.002527
0.000000,0.000000,0.000000
-0.052423,0.019650,-0.024508
-0.089433,-0.457905,0.024589
0.057034,0.569614,0.007218
-0.144508,-0.106410,-0.010960
0.158283,-0.578962,0.024589
0.114545,0.551137,0.000078
0.038519,-0.400357,-0.028987
0.062000,-0.188133,-0.024508
0.218287,-0.787101,-0.024508
0.000000,0.000000,0.000000
0.000000,0.000000,0.000000
-0.079426,0.524096,-0.017818
0.125901,-0.770066,-0.015588
0.028494,0.333741,0.011959
