0.000000,0.000000,0.000000
0.000000,0.000000,0.000000
0.000000,0.000000,0.000000
-0.296177,0.232485,-0.247580
0.000000,0.000000,0.000000
0.000000,0.000000,0.000000
-0.385889,0.386771,0.296322
0.000000,0.000000,0.000000
0.000000,0.000000,0.000000
0.000000,0.000000,0.000000
0.000000,0.000000,0.000000
0.000000,0.000000,0.000000
0.000000,0.000000,0.000000
-0.318660,-0.183328,-0.072948
-0.325249,0.084030,0.331445
0.000000,0.000000,0.000000
0.000000,0.000000,0.000000
0.000000,0.000000,0.000000
-0.285774,0.160464,0.384737
0.000000,0.000000,0.000000
-0.291405,-0.147727,0.188081
-0.318460,0.027304,0.171049
0.000000,0.000000,0.000000
0.000000,0.000000,0.000000
0.000000,0.000000,0.000000
0.000000,0.000000,0.000000
0.000000,0.000000,0.000000
0.000000,0.000000,0.000000
-0.448825,0.260619,-0.098147
0.000000,0.000000,0.000000
0.000000,0.000000,0.000000
0.000000,0.000000,0.000000
0.000000,0.000000,0.000000
0.000000,0.000000,0.000000
0.000000,0.000000,0.000000
0.000000,0.000000,0.000000
0.000000,0.000000,0.000000
0.000000,0.000000,0.000000
-0.279464,0.186481,-0.385073
-0.313448,-0.018001,-0.162460
0.000000,0.000000,0.000000
-0.352684,0.227414,-0.131152
-0.434688,0.085208,-0.036269
0.000000,0.000000,0.000000
0.000000,0.000000,0.000000
0.000000,0.000000,0.000000
0.000000,0.000000,0.000000
-0.427281,0.358937,-0.207326
0.000000,0.000000,0.000000
0.000000,0.000000,0.000000
0.000000,0.000000,0.000000
0.000000,0.000000,0.000000
-0.406315,-0.100665,0.085950
0.000000,0.000000,0.000000
0.000000,0.000000,0.000000
0.000000,0.000000,0.000000
0.000000,0.000000,0.000000
-0.215650,-0.044757,0.157372
0.000000,0.000000,0.000000
0.000000,0.000000,0.000000
-0.443234,0.496470,0.217033
0.000000,0.000000,0.000000
-0.305721,0.124384,0.221666
0.000000,0.000000,0.000000
0.000000,0.000000,0.000000
0.000000,0.000000,0.000000
0.000000,0.000000,0.000000
0.000000,0.000000,0.000000
0.000000,0.000000,0.000000
-0.305681,0.064682,0.209186
0.000000,0.000000,0.000000
0.000000,0.000000,0.000000
0.000000,0.000000,0.000000
0.000000,0.000000,0.000000
0.000000,0.000000,0.000000
-0.301388,0.254489,0.251776
0.000000,0.000000,0.000000
0.000000,0.000000,0.000000
0.000000,0.000000,0.000000
0.000000,0.000000,0.000000
0.000000,0.000000,0.000000
-0.254106,-0.078042,-0.133608
-0.486902,0.486366,0.027247
0.000000,0.000000,0.000000
0.000000,0.000000,0.000000
0.000000,0.000000,0.000000
0.000000,0.000000,0.000000
0.000000,0.000000,0.000000
0.000000,0.000000,0.000000
-0.337589,-0.042461,0.292868
0.000000,0.000000,0.000000
0.000000,0.000000,0.000000
-0.369236,-0.149744,0.204035
-0.279464,0.186481,-0.385073
0.000000,0.000000,0.000000
0.000000,0.000000,0.000000
0.000000,0.000000,0.000000
0.000000,0.000000,0.000000
0.000000,0.000000,0.000000
0.000000,0.000000,0.000000
-0.355120,0.362431,-0.166833
-0.340504,0.189576,-0.153914
0.000000,0.000000,0.000000
0.000000,0.000000,0.000000
0.000000,0.000000,0.000000
0.000000,0.000000,0.000000
0.000000,0.000000,0.000000
-0.307279,-0.166476,-0.308939
0.000000,0.000000,0.000000
-0.387826,-0.109390,0.163721
0.000000,0.000000,0.000000
0.000000,0.000000,0.000000
0.000000,0.000000,0.000000
-0.310094,0.215074,-0.223260
0.000000,0.000000,0.000000
-0.321855,0.323475,-0.223500
-0.269960,0.029121,0.261839
0.000000,0.000000,0.000000
-0.233221,-0.146309,0.285660
0.000000,0.000000,0.000000
0.000000,0.000000,0.000000
-0.353981,-0.143774,-0.233184
0.000000,0.000000,0.000000
0.000000,0.000000,0.000000
0.000000,0.000000,0.000000
0.000000,0.000000,0.000000
-0.304823,-0.151541,0.099807
0.000000,0.000000,0.000000
-0.296676,-0.221865,0.056578
-0.394335,0.524483,0.114283
0.000000,0.000000,0.000000
0.000000,0.000000,0.000000
0.000000,0.000000,0.000000
0.000000,0.000000,0.000000
0.000000,0.000000,0.000000
0.000000,0.000000,0.000000
0.000000,0.000000,0.000000
-0.289967,-0.105876,0.348437
0.000000,0.000000,0.000000
0.000000,0.000000,0.000000
0.000000,0.000000,0.000000
0.000000,0.000000,0.000000
0.000000,0.000000,0.000000
0.000000,0.000000,0.000000
-0.296337,-0.195928,0.161445
-0.292064,0.196764,0.256149
0.000000,0.000000,0.000000
0.000000,0.000000,0.000000
0.000000,0.000000,0.000000
0.000000,0.000000,0.000000
0.000000,0.000000,0.000000
0.000000,0.000000,0.000000
-0.307398,-0.127600,-0.144330
0.000000,0.000000,0.000000
0.000000,0.000000,0.000000
0.000000,0.000000,0.000000
0.000000,0.000000,0.000000
-0.360491,-0.221865,-0.080196
-0.315385,-0.216773,-0.069394
0.000000,0.000000,0.000000
0.000000,0.000000,0.000000
-0.363945,0.374271,-0.316706
0.000000,0.000000,0.000000
-0.272336,0.265052,0.290991
-0.297215,-0.149085,0.173885
0.000000,0.000000,0.000000
0.000000,0.000000,0.000000
-0.233420,-0.187881,0.279830
0.000000,0.000000,0.000000
0.000000,0.000000,0.000000
0.000000,0.000000,0.000000
0.000000,0.000000,0.000000
0.000000,0.000000,0.000000
-0.363945,0.374271,-0.316706
-0.362647,0.304806,-0.308020
0.000000,0.000000,0.000000
0.000000,0.000000,0.000000
0.000000,0.000000,0.000000
0.000000,0.000000,0.000000
0.000000,0.000000,0.000000
0.000000,0.000000,0.000000
0.000000,0.000000,0.000000
0.000000,0.000000,0.000000
0.000000,0.000000,0.000000
0.000000,0.000000,0.000000
0.000000,0.000000,0.000000
0.000000,0.000000,0.000000
0.000000,0.000000,0.000000
-0.243204,-0.095354,-0.271840
0.000000,0.000000,0.000000
0.000000,0.000000,0.000000
-0.252848,-0.221865,0.180154
0.000000,0.000000,0.000000
0.000000,0.000000,0.000000
0.000000,0.000000,0.000000
0.000000,0.000000,0.000000
0.000000,0.000000,0.000000
-0.353682,0.351908,-0.167392
0.000000,0.000000,0.000000
0.000000,0.000000,0.000000
0.000000,0.000000,0.000000
-0.269960,0.029121,0.261839
0.000000,0.000000,0.000000
-0.392438,0.184884,-0.236438
0.000000,0.000000,0.000000
0.000000,0.000000,0.000000
-0.224176,-0.090062,-0.267447
0.000000,0.000000,0.000000
0.000000,0.000000,0.000000
0.000000,0.000000,0.000000
-0.355180,0.446931,-0.187719
0.000000,0.000000,0.000000
-0.285774,0.160464,0.384737
0.000000,0.000000,0.000000
0.000000,0.000000,0.000000
0.000000,0.000000,0.000000
-0.260216,-0.082195,0.258585
-0.301568,-0.094195,-0.080396
0.000000,0.000000,0.000000
-0.392997,0.090020,0.217333
-0.359093,0.088223,-0.275574
-0.237514,-0.221745,-0.249197
-0.276050,0.036968,-0.373013
-0.241767,0.014865,0.295983
0.000000,0.000000,0.000000
0.000000,0.000000,0.000000
0.000000,0.000000,0.000000
0.000000,0.000000,0.000000
0.000000,0.000000,0.000000
-0.242745,-0.060092,0.189659
0.000000,0.000000,0.000000
0.000000,0.000000,0.000000
0.000000,0.000000,0.000000
-0.319638,-0.118535,0.113364
0.000000,0.000000,0.000000
0.000000,0.000000,0.000000
-0.204388,-0.041562,0.157571
0.000000,0.000000,0.000000
-0.396671,-0.174243,-0.080116
0.000000,0.000000,0.000000
0.000000,0.000000,0.000000
-0.334054,0.346437,-0.206887
0.000000,0.000000,0.000000
-0.351486,-0.221865,0.173485
0.000000,0.000000,0.000000
-0.269761,-0.097031,0.372557
0.000000,0.000000,0.000000
-0.238133,-0.027086,-0.286815
-0.422369,0.325572,0.216634
-0.240069,-0.045735,-0.023669
0.000000,0.000000,0.000000
0.000000,0.000000,0.000000
0.000000,0.000000,0.000000
0.000000,0.000000,0.000000
0.000000,0.000000,0.000000
-0.254526,-0.221865,-0.117435
0.000000,0.000000,0.000000
0.000000,0.000000,0.000000
0.000000,0.000000,0.000000
0.000000,0.000000,0.000000
0.000000,0.000000,0.000000
0.000000,0.000000,0.000000
-0.457371,0.513282,-0.179832
0.000000,0.000000,0.000000
0.000000,0.000000,0.000000
0.000000,0.000000,0.000000
0.000000,0.000000,0.000000
0.000000,0.000000,0.000000
0.000000,0.000000,0.000000
0.000000,0.000000,0.000000
0.000000,0.000000,0.000000
0.000000,0.000000,0.000000
0.000000,0.000000,0.000000
0.000000,0.000000,0.000000
0.000000,0.000000,0.000000
-0.327365,-0.221865,0.084492
0.000000,0.000000,0.000000
0.000000,0.000000,0.000000
0.000000,0.000000,0.000000
0.000000,0.000000,0.000000
0.000000,0.000000,0.000000
-0.231264,-0.078042,0.000051
0.000000,0.000000,0.000000
-0.327365,-0.221865,0.084492
0.000000,0.000000,0.000000
0.000000,0.000000,0.000000
0.000000,0.000000,0.000000
-0.408052,-0.122429,0.044917
0.000000,0.000000,0.000000
0.000000,0.000000,0.000000
0.000000,0.000000,0.000000
-0.353882,0.334237,0.170071
0.000000,0.000000,0.000000
0.000000,0.000000,0.000000
0.000000,0.000000,0.000000
-0.362288,0.015184,-0.255127
0.000000,0.000000,0.000000
0.000000,0.000000,0.000000
0.000000,0.000000,0.000000
-0.310094,0.215074,-0.223260
-0.386188,0.404342,0.088785
0.000000,0.000000,0.000000
-0.449783,0.285218,0.116340
-0.308397,-0.213858,0.068778
0.000000,0.000000,0.000000
0.000000,0.000000,0.000000
0.000000,0.000000,0.000000
0.000000,0.000000,0.000000
0.000000,0.000000,0.000000
-0.408092,-0.101104,0.072132
-0.457371,0.513282,-0.179832
0.000000,0.000000,0.000000
-0.340384,-0.122309,0.272502
-0.234359,-0.213898,-0.266489
0.000000,0.000000,0.000000
-0.416099,0.229750,0.203795
-0.211916,-0.078042,0.129598
0.000000,0.000000,0.000000
0.000000,0.000000,0.000000
0.000000,0.000000,0.000000
-0.404878,0.497768,-0.021852
0.000000,0.000000,0.000000
0.000000,0.000000,0.000000
0.000000,0.000000,0.000000
0.000000,0.000000,0.000000
0.000000,0.000000,0.000000
-0.325049,-0.071832,0.307025
0.000000,0.000000,0.000000
0.000000,0.000000,0.000000
0.000000,0.000000,0.000000
0.000000,0.000000,0.000000
-0.393876,0.308340,0.269008
0.000000,0.000000,0.000000
-0.494849,0.548324,-0.016082
-0.429896,0.124224,0.113764
0.000000,0.000000,0.000000
-0.448046,0.484290,-0.194448
-0.273574,-0.059712,-0.041959
0.000000,0.000000,0.000000
0.000000,0.000000,0.000000
-0.325888,0.427763,-0.235300
0.000000,0.000000,0.000000
0.000000,0.000000,0.000000
0.000000,0.000000,0.000000
-0.462602,0.445254,0.146130
0.000000,0.000000,0.000000
0.000000,0.000000,0.000000
0.000000,0.000000,0.000000
0.000000,0.000000,0.000000
-0.233940,-0.052504,0.296842
0.000000,0.000000,0.000000
-0.357995,0.448589,0.190238
0.000000,0.000000,0.000000
0.000000,0.000000,0.000000
0.000000,0.000000,0.000000
0.000000,0.000000,0.000000
0.000000,0.000000,0.000000
-0.383852,0.180152,-0.251893
0.000000,0.000000,0.000000
0.000000,0.000000,0.000000
0.000000,0.000000,0.000000
0.000000,0.000000,0.000000
0.000000,0.000000,0.000000
-0.324969,-0.155914,0.291890
-0.281042,0.234602,0.276495
0.000000,0.000000,0.000000
-0.351585,0.183366,0.126063
0.000000,0.000000,0.000000
0.000000,0.000000,0.000000
0.000000,0.000000,0.000000
0.000000,0.000000,0.000000
0.000000,0.000000,0.000000
0.000000,0.000000,0.000000
0.000000,0.000000,0.000000
0.000000,0.000000,0.000000
0.000000,0.000000,0.000000
0.000000,0.000000,0.000000
0.000000,0.000000,0.000000
-0.228808,-0.221865,0.005982
0.000000,0.000000,0.000000
0.000000,0.000000,0.000000
-0.452479,0.234921,-0.052182
0.000000,0.000000,0.000000
0.000000,0.000000,0.000000
0.000000,0.000000,0.000000
0.000000,0.000000,0.000000
0.000000,0.000000,0.000000
0.000000,0.000000,0.000000
0.000000,0.000000,0.000000
0.000000,0.000000,0.000000
0.000000,0.000000,0.000000
-0.298633,-0.037349,-0.339508
0.000000,0.000000,0.000000
-0.381057,0.096250,0.244907
0.000000,0.000000,0.000000
0.000000,0.000000,0.000000
0.000000,0.000000,0.000000
0.000000,0.000000,0.000000
0.000000,0.000000,0.000000
0.000000,0.000000,0.000000
0.000000,0.000000,0.000000
0.000000,0.000000,0.000000
-0.295578,0.252772,0.259763
-0.294540,0.042918,-0.217170
0.000000,0.000000,0.000000
0.000000,0.000000,0.000000
-0.322813,0.005161,0.152220
0.000000,0.000000,0.000000
-0.298573,-0.184187,0.132113
0.000000,0.000000,0.000000
-0.353682,0.351908,-0.167392
-0.304683,-0.156712,-0.092396
0.000000,0.000000,0.000000
0.000000,0.000000,0.000000
0.000000,0.000000,0.000000
0.000000,0.000000,0.000000
-0.251730,0.057634,0.289454
0.000000,0.000000,0.000000
0.000000,0.000000,0.000000
0.000000,0.000000,0.000000
0.000000,0.000000,0.000000
0.000000,0.000000,0.000000
0.000000,0.000000,0.000000
0.000000,0.000000,0.000000
-0.392438,0.184884,-0.236438
0.000000,0.000000,0.000000
-0.322893,-0.221865,0.114582
0.000000,0.000000,0.000000
0.000000,0.000000,0.000000
0.000000,0.000000,0.000000
-0.332177,-0.064864,0.083354
0.000000,0.000000,0.000000
0.000000,0.000000,0.000000
0.000000,0.000000,0.000000
0.000000,0.000000,0.000000
0.000000,0.000000,0.000000
-0.363666,-0.221865,-0.009593
0.000000,0.000000,0.000000
0.000000,0.000000,0.000000
0.000000,0.000000,0.000000
0.000000,0.000000,0.000000
0.000000,0.000000,0.000000
0.000000,0.000000,0.000000
0.000000,0.000000,0.000000
0.000000,0.000000,0.000000
0.000000,0.000000,0.000000
0.000000,0.000000,0.000000
0.000000,0.000000,0.000000
-0.480393,0.435810,0.034195
0.000000,0.000000,0.000000
0.000000,0.000000,0.000000
-0.393676,0.462985,-0.077541
0.000000,0.000000,0.000000
0.000000,0.000000,0.000000
-0.277987,-0.033256,0.239217
0.000000,0.000000,0.000000
0.000000,0.000000,0.000000
0.000000,0.000000,0.000000
0.000000,0.000000,0.000000
-0.354720,0.073268,-0.003203
0.000000,0.000000,0.000000
0.000000,0.000000,0.000000
-0.215650,-0.044757,0.157372
-0.304823,-0.151541,0.099807
0.000000,0.000000,0.000000
0.000000,0.000000,0.000000
-0.259018,0.014266,-0.386770
0.000000,0.000000,0.000000
0.000000,0.000000,0.000000
0.000000,0.000000,0.000000
0.000000,0.000000,0.000000
0.000000,0.000000,0.000000
0.000000,0.000000,0.000000
0.000000,0.000000,0.000000
0.000000,0.000000,0.000000
-0.434688,0.085208,-0.036269
0.000000,0.000000,0.000000
0.000000,0.000000,0.000000
0.000000,0.000000,0.000000
0.000000,0.000000,0.000000
-0.246419,-0.221865,-0.267567
0.000000,0.000000,0.000000
0.000000,0.000000,0.000000
0.000000,0.000000,0.000000
-0.259977,-0.158869,0.232807
0.000000,0.000000,0.000000
0.000000,0.000000,0.000000
0.000000,0.000000,0.000000
0.000000,0.000000,0.000000
-0.326187,-0.097650,0.094895
0.000000,0.000000,0.000000
0.000000,0.000000,0.000000
-0.432212,0.059092,-0.024828
0.000000,0.000000,0.000000
0.000000,0.000000,0.000000
0.000000,0.000000,0.000000
0.000000,0.000000,0.000000
0.000000,0.000000,0.000000
0.000000,0.000000,0.000000
0.000000,0.000000,0.000000
0.000000,0.000000,0.000000
-0.278865,-0.180813,0.193552
-0.338866,0.060389,-0.112004
0.000000,0.000000,0.000000
0.000000,0.000000,0.000000
0.000000,0.000000,0.000000
0.000000,0.000000,0.000000
0.000000,0.000000,0.000000
0.000000,0.000000,0.000000
0.000000,0.000000,0.000000
0.000000,0.000000,0.000000
0.000000,0.000000,0.000000
-0.458010,0.411650,-0.139738
0.000000,0.000000,0.000000
-0.385190,0.332121,0.031360
-0.359472,0.430059,-0.174321
0.000000,0.000000,0.000000
-0.254486,-0.221865,0.154716
0.000000,0.000000,0.000000
0.000000,0.000000,0.000000
0.000000,0.000000,0.000000
0.000000,0.000000,0.000000
0.000000,0.000000,0.000000
-0.350148,-0.221865,-0.000887
0.000000,0.000000,0.000000
0.000000,0.000000,0.000000
0.000000,0.000000,0.000000
0.000000,0.000000,0.000000
-0.254246,0.011630,0.280409
0.000000,0.000000,0.000000
0.000000,0.000000,0.000000
0.000000,0.000000,0.000000
0.000000,0.000000,0.000000
0.000000,0.000000,0.000000
0.000000,0.000000,0.000000
0.000000,0.000000,0.000000
-0.474582,0.424049,0.075687
0.000000,0.000000,0.000000
0.000000,0.000000,0.000000
-0.215011,0.052902,-0.319122
-0.460665,0.326930,-0.078719
0.000000,0.000000,0.000000
0.000000,0.000000,0.000000
0.000000,0.000000,0.000000
-0.273574,-0.059712,-0.041959
0.000000,0.000000,0.000000
-0.359972,-0.206810,-0.201676
0.000000,0.000000,0.000000
0.000000,0.000000,0.000000
0.000000,0.000000,0.000000
-0.377223,0.298377,0.068558
0.000000,0.000000,0.000000
0.000000,0.000000,0.000000
0.000000,0.000000,0.000000
-0.385290,0.450546,0.307863
0.000000,0.000000,0.000000
0.000000,0.000000,0.000000
0.000000,0.000000,0.000000
0.000000,0.000000,0.000000
-0.356298,-0.205212,-0.210861
0.000000,0.000000,0.000000
-0.395453,-0.111207,0.134549
-0.335292,0.001487,0.304329
0.000000,0.000000,0.000000
-0.327365,-0.221865,0.084492
0.000000,0.000000,0.000000
0.000000,0.000000,0.000000
0.000000,0.000000,0.000000
0.000000,0.000000,0.000000
-0.462303,0.575140,0.095174
0.000000,0.000000,0.000000
0.000000,0.000000,0.000000
-0.309735,0.311195,-0.240412
0.000000,0.000000,0.000000
0.000000,0.000000,0.000000
0.000000,0.000000,0.000000
0.000000,0.000000,0.000000
0.000000,0.000000,0.000000
0.000000,0.000000,0.000000
-0.390941,0.374671,0.286878
0.000000,0.000000,0.000000
0.000000,0.000000,0.000000
0.000000,0.000000,0.000000
0.000000,0.000000,0.000000
-0.444233,0.469035,-0.199379
0.000000,0.000000,0.000000
0.000000,0.000000,0.000000
0.000000,0.000000,0.000000
-0.288070,-0.157631,0.168693
0.000000,0.000000,0.000000
0.000000,0.000000,0.000000
0.000000,0.000000,0.000000
-0.213853,-0.039106,0.319604
0.000000,0.000000,0.000000
0.000000,0.000000,0.000000
-0.401084,0.568471,0.136107
-0.298713,0.262536,0.382960
0.000000,0.000000,0.000000
0.000000,0.000000,0.000000
0.000000,0.000000,0.000000
0.000000,0.000000,0.000000
0.000000,0.000000,0.000000
-0.377223,0.298377,0.068558
0.000000,0.000000,0.000000
-0.355599,0.469894,0.200361
-0.249174,-0.221865,0.012271
0.000000,0.000000,0.000000
-0.453637,0.234223,-0.038066
0.000000,0.000000,0.000000
0.000000,0.000000,0.000000
0.000000,0.000000,0.000000
-0.291924,-0.159368,-0.175479
0.000000,0.000000,0.000000
0.000000,0.000000,0.000000
0.000000,0.000000,0.000000
0.000000,0.000000,0.000000
-0.291784,-0.166816,0.181991
0.000000,0.000000,0.000000
-0.327365,-0.221865,0.084492
0.000000,0.000000,0.000000
0.000000,0.000000,0.000000
0.000000,0.000000,0.000000
0.000000,0.000000,0.000000
-0.191949,-0.034274,0.106436
-0.443673,0.293944,0.145731
0.000000,0.000000,0.000000
0.000000,0.000000,0.000000
0.000000,0.000000,0.000000
0.000000,0.000000,0.000000
0.000000,0.000000,0.000000
0.000000,0.000000,0.000000
0.000000,0.000000,0.000000
0.000000,0.000000,0.000000
0.000000,0.000000,0.000000
0.000000,0.000000,0.000000
0.000000,0.000000,0.000000
0.000000,0.000000,0.000000
0.000000,0.000000,0.000000
0.000000,0.000000,0.000000
-0.274113,-0.060491,0.068339
0.000000,0.000000,0.000000
0.000000,0.000000,0.000000
0.000000,0.000000,0.000000
0.000000,0.000000,0.000000
0.000000,0.000000,0.000000
0.000000,0.000000,0.000000
0.000000,0.000000,0.000000
0.000000,0.000000,0.000000
-0.416099,0.229750,0.203795
0.000000,0.000000,0.000000
0.000000,0.000000,0.000000
0.000000,0.000000,0.000000
0.000000,0.000000,0.000000
0.000000,0.000000,0.000000
0.000000,0.000000,0.000000
0.000000,0.000000,0.000000
0.000000,0.000000,0.000000
0.000000,0.000000,0.000000
0.000000,0.000000,0.000000
-0.233221,-0.146309,0.285660
0.000000,0.000000,0.000000
0.000000,0.000000,0.000000
0.000000,0.000000,0.000000
0.000000,0.000000,0.000000
0.000000,0.000000,0.000000
0.000000,0.000000,0.000000
0.000000,0.000000,0.000000
-0.338966,-0.059992,0.013829
0.000000,0.000000,0.000000
0.000000,0.000000,0.000000
0.000000,0.000000,0.000000
-0.295798,-0.053642,-0.193749
0.000000,0.000000,0.000000
0.000000,0.000000,0.000000
-0.318460,0.027304,0.171049
0.000000,0.000000,0.000000
0.000000,0.000000,0.000000
0.000000,0.000000,0.000000
0.000000,0.000000,0.000000
0.000000,0.000000,0.000000
0.000000,0.000000,0.000000
-0.400764,0.307222,0.256488
0.000000,0.000000,0.000000
0.000000,0.000000,0.000000
0.000000,0.000000,0.000000
0.000000,0.000000,0.000000
0.000000,0.000000,0.000000
0.000000,0.000000,0.000000
0.000000,0.000000,0.000000
0.000000,0.000000,0.000000
-0.238292,-0.045037,0.014528
0.000000,0.000000,0.000000
0.000000,0.000000,0.000000
-0.467973,0.537123,0.166237
0.000000,0.000000,0.000000
0.000000,0.000000,0.000000
0.000000,0.000000,0.000000
0.000000,0.000000,0.000000
0.000000,0.000000,0.000000
0.000000,0.000000,0.000000
-0.386188,0.404342,0.088785
-0.456373,0.398551,0.147628
0.000000,0.000000,0.000000
0.000000,0.000000,0.000000
0.000000,0.000000,0.000000
0.000000,0.000000,0.000000
0.000000,0.000000,0.000000
-0.295258,-0.221865,-0.086206
0.000000,0.000000,0.000000
0.000000,0.000000,0.000000
0.000000,0.000000,0.000000
0.000000,0.000000,0.000000
0.000000,0.000000,0.000000
0.000000,0.000000,0.000000
0.000000,0.000000,0.000000
0.000000,0.000000,0.000000
-0.391500,0.464962,-0.089321
0.000000,0.000000,0.000000
0.000000,0.000000,0.000000
0.000000,0.000000,0.000000
0.000000,0.000000,0.000000
0.000000,0.000000,0.000000
0.000000,0.000000,0.000000
0.000000,0.000000,0.000000
0.000000,0.000000,0.000000
0.000000,0.000000,0.000000
0.000000,0.000000,0.000000
0.000000,0.000000,0.000000
0.000000,0.000000,0.000000
0.000000,0.000000,0.000000
-0.413982,-0.055340,0.071613
0.000000,0.000000,0.000000
-0.277148,-0.075247,-0.128077
-0.417277,-0.050008,-0.037646
0.000000,0.000000,0.000000
0.000000,0.000000,0.000000
-0.295798,-0.053642,-0.193749
0.000000,0.000000,0.000000
0.000000,0.000000,0.000000
0.000000,0.000000,0.000000
0.000000,0.000000,0.000000
0.000000,0.000000,0.000000
0.000000,0.000000,0.000000
0.000000,0.000000,0.000000
-0.391160,0.458472,0.095474
0.000000,0.000000,0.000000
0.000000,0.000000,0.000000
-0.327425,0.032795,-0.139798
-0.437564,0.170807,0.104459
0.000000,0.000000,0.000000
0.000000,0.000000,0.000000
0.000000,0.000000,0.000000
0.000000,0.000000,0.000000
0.000000,0.000000,0.000000
0.000000,0.000000,0.000000
0.000000,0.000000,0.000000
0.000000,0.000000,0.000000
0.000000,0.000000,0.000000
-0.299072,-0.094415,0.105857
0.000000,0.000000,0.000000
0.000000,0.000000,0.000000
0.000000,0.000000,0.000000
-0.368398,0.189037,-0.010152
0.000000,0.000000,0.000000
0.000000,0.000000,0.000000
0.000000,0.000000,0.000000
-0.278865,-0.180813,0.193552
-0.467953,0.444815,-0.117814
0.000000,0.000000,0.000000
0.000000,0.000000,0.000000
0.000000,0.000000,0.000000
0.000000,0.000000,0.000000
0.000000,0.000000,0.000000
0.000000,0.000000,0.000000
0.000000,0.000000,0.000000
-0.327126,0.114859,-0.325851
0.000000,0.000000,0.000000
0.000000,0.000000,0.000000
0.000000,0.000000,0.000000
0.000000,0.000000,0.000000
0.000000,0.000000,0.000000
0.000000,0.000000,0.000000
0.000000,0.000000,0.000000
0.000000,0.000000,0.000000
0.000000,0.000000,0.000000
0.000000,0.000000,0.000000
0.000000,0.000000,0.000000
0.000000,0.000000,0.000000
0.000000,0.000000,0.000000
-0.261814,0.118474,-0.276832
0.000000,0.000000,0.000000
0.000000,0.000000,0.000000
0.000000,0.000000,0.000000
0.000000,0.000000,0.000000
0.000000,0.000000,0.000000
0.000000,0.000000,0.000000
0.000000,0.000000,0.000000
-0.449464,0.221044,0.070196
-0.373350,-0.197884,0.175342
0.000000,0.000000,0.000000
-0.232202,-0.199981,-0.268146
0.000000,0.000000,0.000000
0.000000,0.000000,0.000000
-0.458010,0.411650,-0.139738
-0.335292,0.001487,0.304329
0.000000,0.000000,0.000000
0.000000,0.000000,0.000000
0.000000,0.000000,0.000000
0.000000,0.000000,0.000000
-0.253148,-0.221865,0.324097
0.000000,0.000000,0.000000
0.000000,0.000000,0.000000
0.000000,0.000000,0.000000
0.000000,0.000000,0.000000
0.000000,0.000000,0.000000
0.000000,0.000000,0.000000
0.000000,0.000000,0.000000
0.000000,0.000000,0.000000
0.000000,0.000000,0.000000
0.000000,0.000000,0.000000
0.000000,0.000000,0.000000
0.000000,0.000000,0.000000
0.000000,0.000000,0.000000
0.000000,0.000000,0.000000
-0.415919,0.324973,-0.222941
0.000000,0.000000,0.000000
0.000000,0.000000,0.000000
-0.271957,-0.033615,-0.240412
0.000000,0.000000,0.000000
0.000000,0.000000,0.000000
0.000000,0.000000,0.000000
0.000000,0.000000,0.000000
0.000000,0.000000,0.000000
0.000000,0.000000,0.000000
0.000000,0.000000,0.000000
0.000000,0.000000,0.000000
-0.271957,-0.033615,-0.240412
-0.282499,-0.191355,-0.176218
0.000000,0.000000,0.000000
-0.384551,0.423251,-0.296499
0.000000,0.000000,0.000000
-0.309535,-0.188919,-0.024927
0.000000,0.000000,0.000000
0.000000,0.000000,0.000000
0.000000,0.000000,0.000000
0.000000,0.000000,0.000000
0.000000,0.000000,0.000000
-0.396252,0.520790,-0.097268
-0.341262,0.203373,0.328070
0.000000,0.000000,0.000000
-0.386188,0.404342,0.088785
-0.362527,0.199859,-0.079198
-0.349868,0.381679,-0.335135
0.000000,0.000000,0.000000
0.000000,0.000000,0.000000
0.000000,0.000000,0.000000
0.000000,0.000000,0.000000
0.000000,0.000000,0.000000
0.000000,0.000000,0.000000
-0.308397,-0.213858,0.068778
-0.399107,0.357998,0.270166
0.000000,0.000000,0.000000
0.000000,0.000000,0.000000
-0.233940,-0.052504,0.296842
0.000000,0.000000,0.000000
0.000000,0.000000,0.000000
0.000000,0.000000,0.000000
0.000000,0.000000,0.000000
0.000000,0.000000,0.000000
0.000000,0.000000,0.000000
0.000000,0.000000,0.000000
0.000000,0.000000,0.000000
0.000000,0.000000,0.000000
0.000000,0.000000,0.000000
0.000000,0.000000,0.000000
-0.368058,-0.207868,-0.179133
0.000000,0.000000,0.000000
0.000000,0.000000,0.000000
0.000000,0.000000,0.000000
-0.331718,0.311255,0.212082
-0.312490,-0.027645,0.170290
0.000000,0.000000,0.000000
0.000000,0.000000,0.000000
0.000000,0.000000,0.000000
-0.327365,-0.221865,0.084492
0.000000,0.000000,0.000000
0.000000,0.000000,0.000000
-0.462303,0.575140,0.095174
0.000000,0.000000,0.000000
0.000000,0.000000,0.000000
0.000000,0.000000,0.000000
0.000000,0.000000,0.000000
0.000000,0.000000,0.000000
0.000000,0.000000,0.000000
0.000000,0.000000,0.000000
0.000000,0.000000,0.000000
0.000000,0.000000,0.000000
-0.269960,0.029121,0.261839
0.000000,0.000000,0.000000
-0.424006,0.448589,0.244807
0.000000,0.000000,0.000000
0.000000,0.000000,0.000000
-0.246798,-0.200320,0.255051
0.000000,0.000000,0.000000
0.000000,0.000000,0.000000
0.000000,0.000000,0.000000
0.000000,0.000000,0.000000
0.000000,0.000000,0.000000
-0.288070,-0.157631,0.168693
0.000000,0.000000,0.000000
-0.381217,0.341825,-0.067996
0.000000,0.000000,0.000000
-0.430076,0.572544,0.011393
-0.305681,0.064682,0.209186
0.000000,0.000000,0.000000
0.000000,0.000000,0.000000
0.000000,0.000000,0.000000
0.000000,0.000000,0.000000
0.000000,0.000000,0.000000
0.000000,0.000000,0.000000
0.000000,0.000000,0.000000
0.000000,0.000000,0.000000
0.000000,0.000000,0.000000
0.000000,0.000000,0.000000
0.000000,0.000000,0.000000
-0.351486,-0.221865,0.173485
0.000000,0.000000,0.000000
-0.291784,-0.166816,0.181991
0.000000,0.000000,0.000000
0.000000,0.000000,0.000000
0.000000,0.000000,0.000000
0.000000,0.000000,0.000000
0.000000,0.000000,0.000000
0.000000,0.000000,0.000000
0.000000,0.000000,0.000000
0.000000,0.000000,0.000000
0.000000,0.000000,0.000000
0.000000,0.000000,0.000000
0.000000,0.000000,0.000000
-0.458010,0.411650,-0.139738
-0.427241,0.165057,-0.138919
0.000000,0.000000,0.000000
0.000000,0.000000,0.000000
0.000000,0.000000,0.000000
0.000000,0.000000,0.000000
-0.467115,0.518713,-0.153675
0.000000,0.000000,0.000000
0.000000,0.000000,0.000000
-0.294540,0.042918,-0.217170
-0.474742,0.391263,0.008478
0.000000,0.000000,0.000000
-0.353981,-0.143774,-0.233184
0.000000,0.000000,0.000000
0.000000,0.000000,0.000000
0.000000,0.000000,0.000000
0.000000,0.000000,0.000000
0.000000,0.000000,0.000000
-0.302746,0.047291,0.353568
0.000000,0.000000,0.000000
-0.396671,-0.174243,-0.080116
0.000000,0.000000,0.000000
-0.338966,-0.059992,0.013829
0.000000,0.000000,0.000000
0.000000,0.000000,0.000000
0.000000,0.000000,0.000000
-0.386688,-0.221865,0.093357
0.000000,0.000000,0.000000
0.000000,0.000000,0.000000
0.000000,0.000000,0.000000
-0.393676,0.462985,-0.077541
-0.307279,-0.166476,-0.308939
-0.270020,-0.125224,0.213379
0.000000,0.000000,0.000000
0.000000,0.000000,0.000000
-0.191949,-0.034274,0.106436
0.000000,0.000000,0.000000
0.000000,0.000000,0.000000
-0.438342,0.129835,0.066442
0.000000,0.000000,0.000000
0.000000,0.000000,0.000000
-0.246798,-0.200320,0.255051
-0.402561,0.421633,-0.269064
0.000000,0.000000,0.000000
0.000000,0.000000,0.000000
0.000000,0.000000,0.000000
0.000000,0.000000,0.000000
0.000000,0.000000,0.000000
0.000000,0.000000,0.000000
0.000000,0.000000,0.000000
0.000000,0.000000,0.000000
-0.291405,-0.147727,0.188081
0.000000,0.000000,0.000000
0.000000,0.000000,0.000000
-0.295258,-0.221865,-0.086206
-0.402721,0.479438,0.023932
0.000000,0.000000,0.000000
0.000000,0.000000,0.000000
0.000000,0.000000,0.000000
0.000000,0.000000,0.000000
0.000000,0.000000,0.000000
0.000000,0.000000,0.000000
0.000000,0.000000,0.000000
0.000000,0.000000,0.000000
0.000000,0.000000,0.000000
0.000000,0.000000,0.000000
-0.363426,-0.194849,0.204754
0.000000,0.000000,0.000000
0.000000,0.000000,0.000000
0.000000,0.000000,0.000000
0.000000,0.000000,0.000000
-0.404878,0.497768,-0.021852
-0.244702,-0.172606,0.258325
-0.261754,-0.079360,-0.183685
0.000000,0.000000,0.000000
0.000000,0.000000,0.000000
0.000000,0.000000,0.000000
0.000000,0.000000,0.000000
-0.350787,0.208046,-0.130154
0.000000,0.000000,0.000000
0.000000,0.000000,0.000000
0.000000,0.000000,0.000000
0.000000,0.000000,0.000000
0.000000,0.000000,0.000000
0.000000,0.000000,0.000000
0.000000,0.000000,0.000000
-0.217008,-0.038687,0.027227
-0.293961,0.086426,0.234684
-0.304683,-0.156712,-0.092396
0.000000,0.000000,0.000000
0.000000,0.000000,0.000000
0.000000,0.000000,0.000000
-0.483068,0.539599,0.111428
0.000000,0.000000,0.000000
0.000000,0.000000,0.000000
0.000000,0.000000,0.000000
-0.470270,0.391363,-0.068995
0.000000,0.000000,0.000000
0.000000,0.000000,0.000000
0.000000,0.000000,0.000000
-0.415919,0.324973,-0.222941
0.000000,0.000000,0.000000
0.000000,0.000000,0.000000
-0.318600,0.367003,-0.236279
-0.427241,0.165057,-0.138919
0.000000,0.000000,0.000000
0.000000,0.000000,0.000000
0.000000,0.000000,0.000000
0.000000,0.000000,0.000000
0.000000,0.000000,0.000000
-0.353882,0.334237,0.170071
0.000000,0.000000,0.000000
0.000000,0.000000,0.000000
0.000000,0.000000,0.000000
0.000000,0.000000,0.000000
0.000000,0.000000,0.000000
0.000000,0.000000,0.000000
0.000000,0.000000,0.000000
0.000000,0.000000,0.000000
0.000000,0.000000,0.000000
0.000000,0.000000,0.000000
0.000000,0.000000,0.000000
0.000000,0.000000,0.000000
-0.346234,0.318344,-0.175699
0.000000,0.000000,0.000000
0.000000,0.000000,0.000000
-0.327006,-0.158330,0.034255
0.000000,0.000000,0.000000
0.000000,0.000000,0.000000
0.000000,0.000000,0.000000
0.000000,0.000000,0.000000
-0.289867,0.029081,0.230890
0.000000,0.000000,0.000000
0.000000,0.000000,0.000000
0.000000,0.000000,0.000000
0.000000,0.000000,0.000000
0.000000,0.000000,0.000000
-0.319638,-0.118535,0.113364
0.000000,0.000000,0.000000
0.000000,0.000000,0.000000
0.000000,0.000000,0.000000
0.000000,0.000000,0.000000
0.000000,0.000000,0.000000
0.000000,0.000000,0.000000
0.000000,0.000000,0.000000
0.000000,0.000000,0.000000
0.000000,0.000000,0.000000
0.000000,0.000000,0.000000
0.000000,0.000000,0.000000
0.000000,0.000000,0.000000
-0.312071,-0.095054,-0.141715
0.000000,0.000000,0.000000
0.000000,0.000000,0.000000
0.000000,0.000000,0.000000
0.000000,0.000000,0.000000
0.000000,0.000000,0.000000
0.000000,0.000000,0.000000
0.000000,0.000000,0.000000
0.000000,0.000000,0.000000
0.000000,0.000000,0.000000
0.000000,0.000000,0.000000
-0.399307,-0.022893,-0.153815
0.000000,0.000000,0.000000
-0.434309,0.107372,0.074489
0.000000,0.000000,0.000000
0.000000,0.000000,0.000000
0.000000,0.000000,0.000000
-0.315385,-0.216773,-0.069394
0.000000,0.000000,0.000000
-0.443234,0.496470,0.217033
0.000000,0.000000,0.000000
0.000000,0.000000,0.000000
-0.309535,-0.207009,-0.033493
0.000000,0.000000,0.000000
-0.410149,-0.046794,0.103581
-0.380019,-0.152220,0.172008
-0.424006,0.448589,0.244807
0.000000,0.000000,0.000000
-0.317881,-0.112765,0.310839
0.000000,0.000000,0.000000
0.000000,0.000000,0.000000
0.000000,0.000000,0.000000
0.000000,0.000000,0.000000
0.000000,0.000000,0.000000
0.000000,0.000000,0.000000
0.000000,0.000000,0.000000
0.000000,0.000000,0.000000
0.000000,0.000000,0.000000
0.000000,0.000000,0.000000
0.000000,0.000000,0.000000
0.000000,0.000000,0.000000
0.000000,0.000000,0.000000
0.000000,0.000000,0.000000
0.000000,0.000000,0.000000
-0.413982,-0.055340,0.071613
0.000000,0.000000,0.000000
0.000000,0.000000,0.000000
0.000000,0.000000,0.000000
0.000000,0.000000,0.000000
0.000000,0.000000,0.000000
0.000000,0.000000,0.000000
0.000000,0.000000,0.000000
0.000000,0.000000,0.000000
0.000000,0.000000,0.000000
0.000000,0.000000,0.000000
-0.341262,0.203373,0.328070
0.000000,0.000000,0.000000
0.000000,0.000000,0.000000
-0.216069,-0.221865,0.125484
0.000000,0.000000,0.000000
0.000000,0.000000,0.000000
0.000000,0.000000,0.000000
0.000000,0.000000,0.000000
0.000000,0.000000,0.000000
-0.441238,0.360274,-0.172344
0.000000,0.000000,0.000000
0.000000,0.000000,0.000000
0.000000,0.000000,0.000000
0.000000,0.000000,0.000000
-0.343179,0.065741,0.303670
-0.175396,-0.031259,-0.096310
-0.384491,-0.107234,-0.167911
0.000000,0.000000,0.000000
-0.331139,-0.126163,0.009156
0.000000,0.000000,0.000000
0.000000,0.000000,0.000000
0.000000,0.000000,0.000000
0.000000,0.000000,0.000000
0.000000,0.000000,0.000000
0.000000,0.000000,0.000000
-0.297455,0.054459,0.222484
0.000000,0.000000,0.000000
0.000000,0.000000,0.000000
-0.387247,-0.066921,-0.174520
0.000000,0.000000,0.000000
-0.291784,-0.166816,0.181991
0.000000,0.000000,0.000000
-0.208042,-0.078042,0.007000
0.000000,0.000000,0.000000
0.000000,0.000000,0.000000
0.000000,0.000000,0.000000
0.000000,0.000000,0.000000
-0.287332,-0.122708,-0.341445
-0.159283,-0.029362,0.121251
0.000000,0.000000,0.000000
-0.356457,0.347516,-0.159166
-0.419254,0.570867,0.068279
-0.315625,0.315748,-0.232085
0.000000,0.000000,0.000000
0.000000,0.000000,0.000000
0.000000,0.000000,0.000000
-0.402581,-0.093017,-0.105035
0.000000,0.000000,0.000000
0.000000,0.000000,0.000000
0.000000,0.000000,0.000000
0.000000,0.000000,0.000000
-0.333216,-0.108632,-0.003623
0.000000,0.000000,0.000000
0.000000,0.000000,0.000000
0.000000,0.000000,0.000000
-0.296676,-0.221865,0.056578
0.000000,0.000000,0.000000
0.000000,0.000000,0.000000
-0.413044,0.045334,0.143215
-0.260256,-0.221865,0.058056
0.000000,0.000000,0.000000
0.000000,0.000000,0.000000
-0.240069,-0.045735,-0.023669
0.000000,0.000000,0.000000
-0.423846,0.201377,-0.165136
0.000000,0.000000,0.000000
0.000000,0.000000,0.000000
0.000000,0.000000,0.000000
0.000000,0.000000,0.000000
0.000000,0.000000,0.000000
-0.407653,0.049467,-0.156350
0.000000,0.000000,0.000000
0.000000,0.000000,0.000000
0.000000,0.000000,0.000000
0.000000,0.000000,0.000000
0.000000,0.000000,0.000000
-0.401084,0.568471,0.136107
0.000000,0.000000,0.000000
-0.295358,0.168671,0.246764
-0.308397,-0.213858,0.068778
0.000000,0.000000,0.000000
0.000000,0.000000,0.000000
0.000000,0.000000,0.000000
-0.419154,0.192471,-0.175659
0.000000,0.000000,0.000000
0.000000,0.000000,0.000000
0.000000,0.000000,0.000000
-0.338008,0.289911,0.194730
0.000000,0.000000,0.000000
0.000000,0.000000,0.000000
-0.295358,0.168671,0.246764
0.000000,0.000000,0.000000
0.000000,0.000000,0.000000
0.000000,0.000000,0.000000
0.000000,0.000000,0.000000
0.000000,0.000000,0.000000
0.000000,0.000000,0.000000
0.000000,0.000000,0.000000
0.000000,0.000000,0.000000
-0.255105,0.264992,0.309581
0.000000,0.000000,0.000000
0.000000,0.000000,0.000000
0.000000,0.000000,0.000000
0.000000,0.000000,0.000000
0.000000,0.000000,0.000000
0.000000,0.000000,0.000000
-0.402561,0.421633,-0.269064
-0.395972,0.444775,0.057876
0.000000,0.000000,0.000000
0.000000,0.000000,0.000000
0.000000,0.000000,0.000000
-0.298633,-0.037349,-0.339508
0.000000,0.000000,0.000000
-0.279325,-0.088585,0.169372
-0.300031,-0.189039,-0.145129
0.000000,0.000000,0.000000
-0.425883,0.526800,0.259264
0.000000,0.000000,0.000000
0.000000,0.000000,0.000000
0.000000,0.000000,0.000000
-0.262473,0.081235,-0.271161
0.000000,0.000000,0.000000
0.000000,0.000000,0.000000
0.000000,0.000000,0.000000
0.000000,0.000000,0.000000
0.000000,0.000000,0.000000
0.000000,0.000000,0.000000
0.000000,0.000000,0.000000
0.000000,0.000000,0.000000
0.000000,0.000000,0.000000
0.000000,0.000000,0.000000
-0.276669,0.164218,-0.264432
0.000000,0.000000,0.000000
0.000000,0.000000,0.000000
-0.360151,0.274476,0.132952
0.000000,0.000000,0.000000
0.000000,0.000000,0.000000
0.000000,0.000000,0.000000
0.000000,0.000000,0.000000
0.000000,0.000000,0.000000
0.000000,0.000000,0.000000
-0.223816,-0.078042,-0.063064
0.000000,0.000000,0.000000
0.000000,0.000000,0.000000
-0.334154,-0.100745,0.027786
0.000000,0.000000,0.000000
0.000000,0.000000,0.000000
0.000000,0.000000,0.000000
-0.281042,0.234602,0.276495
0.000000,0.000000,0.000000
-0.224176,-0.090062,-0.267447
0.000000,0.000000,0.000000
0.000000,0.000000,0.000000
0.000000,0.000000,0.000000
0.000000,0.000000,0.000000
0.000000,0.000000,0.000000
-0.276669,0.164218,-0.264432
0.000000,0.000000,0.000000
-0.462962,0.461088,0.152300
0.000000,0.000000,0.000000
0.000000,0.000000,0.000000
0.000000,0.000000,0.000000
-0.487561,0.538241,-0.078699
0.000000,0.000000,0.000000
0.000000,0.000000,0.000000
0.000000,0.000000,0.000000
0.000000,0.000000,0.000000
0.000000,0.000000,0.000000
0.000000,0.000000,0.000000
0.000000,0.000000,0.000000
0.000000,0.000000,0.000000
0.000000,0.000000,0.000000
0.000000,0.000000,0.000000
-0.471168,0.536244,0.156114
0.000000,0.000000,0.000000
0.000000,0.000000,0.000000
-0.316224,-0.213199,-0.287015
0.000000,0.000000,0.000000
-0.230286,-0.078042,-0.042359
-0.349389,-0.136805,0.252415
0.000000,0.000000,0.000000
0.000000,0.000000,0.000000
0.000000,0.000000,0.000000
0.000000,0.000000,0.000000
-0.385170,-0.220407,-0.111604
-0.349928,0.032815,0.003606
0.000000,0.000000,0.000000
-0.436745,0.126980,-0.067956
0.000000,0.000000,0.000000
0.000000,0.000000,0.000000
0.000000,0.000000,0.000000
-0.380538,-0.105177,0.187762
-0.242745,-0.060092,0.189659
0.000000,0.000000,0.000000
0.000000,0.000000,0.000000
0.000000,0.000000,0.000000
0.000000,0.000000,0.000000
0.000000,0.000000,0.000000
0.000000,0.000000,0.000000
0.000000,0.000000,0.000000
0.000000,0.000000,0.000000
0.000000,0.000000,0.000000
0.000000,0.000000,0.000000
0.000000,0.000000,0.000000
0.000000,0.000000,0.000000
0.000000,0.000000,0.000000
0.000000,0.000000,0.000000
0.000000,0.000000,0.000000
-0.470130,0.472409,0.130676
0.000000,0.000000,0.000000
0.000000,0.000000,0.000000
-0.434688,0.085208,-0.036269
0.000000,0.000000,0.000000
-0.330640,0.005001,0.126902
0.000000,0.000000,0.000000
0.000000,0.000000,0.000000
0.000000,0.000000,0.000000
0.000000,0.000000,0.000000
0.000000,0.000000,0.000000
0.000000,0.000000,0.000000
0.000000,0.000000,0.000000
0.000000,0.000000,0.000000
0.000000,0.000000,0.000000
0.000000,0.000000,0.000000
0.000000,0.000000,0.000000
0.000000,0.000000,0.000000
0.000000,0.000000,0.000000
0.000000,0.000000,0.000000
0.000000,0.000000,0.000000
0.000000,0.000000,0.000000
-0.353962,0.103019,0.294046
0.000000,0.000000,0.000000
0.000000,0.000000,0.000000
0.000000,0.000000,0.000000
0.000000,0.000000,0.000000
0.000000,0.000000,0.000000
0.000000,0.000000,0.000000
-0.365183,0.330104,0.137365
0.000000,0.000000,0.000000
0.000000,0.000000,0.000000
0.000000,0.000000,0.000000
-0.304623,-0.001049,-0.337252
-0.287411,0.139738,0.381023
-0.359712,0.288752,-0.131272
0.000000,0.000000,0.000000
-0.288629,0.363270,0.284023
0.000000,0.000000,0.000000
-0.300250,0.164757,0.371079
0.000000,0.000000,0.000000
-0.330640,0.005001,0.126902
0.000000,0.000000,0.000000
0.000000,0.000000,0.000000
0.000000,0.000000,0.000000
0.000000,0.000000,0.000000
-0.298713,0.262536,0.382960
0.000000,0.000000,0.000000
-0.313448,-0.018001,-0.162460
0.000000,0.000000,0.000000
0.000000,0.000000,0.000000
0.000000,0.000000,0.000000
-0.412844,0.484110,-0.264412
-0.295358,0.168671,0.246764
0.000000,0.000000,0.000000
0.000000,0.000000,0.000000
-0.394674,-0.170709,-0.094413
-0.406315,-0.100665,0.085950
0.000000,0.000000,0.000000
0.000000,0.000000,0.000000
0.000000,0.000000,0.000000
0.000000,0.000000,0.000000
0.000000,0.000000,0.000000
0.000000,0.000000,0.000000
0.000000,0.000000,0.000000
0.000000,0.000000,0.000000
0.000000,0.000000,0.000000
0.000000,0.000000,0.000000
0.000000,0.000000,0.000000
-0.264928,-0.221865,0.325574
-0.424505,0.074846,0.109131
0.000000,0.000000,0.000000
0.000000,0.000000,0.000000
0.000000,0.000000,0.000000
-0.384491,-0.107234,-0.167911
-0.347572,0.169769,-0.126160
-0.241208,-0.221865,0.225200
0.000000,0.000000,0.000000
0.000000,0.000000,0.000000
0.000000,0.000000,0.000000
0.000000,0.000000,0.000000
0.000000,0.000000,0.000000
0.000000,0.000000,0.000000
0.000000,0.000000,0.000000
0.000000,0.000000,0.000000
0.000000,0.000000,0.000000
0.000000,0.000000,0.000000
0.000000,0.000000,0.000000
0.000000,0.000000,0.000000
0.000000,0.000000,0.000000
-0.459028,0.268606,0.010334
-0.360151,0.274476,0.132952
0.000000,0.000000,0.000000
0.000000,0.000000,0.000000
0.000000,0.000000,0.000000
-0.360670,0.227753,-0.298216
0.000000,0.000000,0.000000
0.000000,0.000000,0.000000
0.000000,0.000000,0.000000
0.000000,0.000000,0.000000
0.000000,0.000000,0.000000
-0.368557,0.201876,0.046475
0.000000,0.000000,0.000000
0.000000,0.000000,0.000000
0.000000,0.000000,0.000000
-0.382355,-0.168633,-0.149242
0.000000,0.000000,0.000000
-0.248156,-0.221865,-0.300133
-0.252329,-0.221865,-0.252472
-0.432113,0.559166,-0.242488
0.000000,0.000000,0.000000
-0.232742,0.115898,-0.308360
0.000000,0.000000,0.000000
0.000000,0.000000,0.000000
-0.370315,0.523385,-0.173662
-0.292064,0.196764,0.256149
0.000000,0.000000,0.000000
0.000000,0.000000,0.000000
0.000000,0.000000,0.000000
-0.296337,-0.195928,0.161445
0.000000,0.000000,0.000000
0.000000,0.000000,0.000000
0.000000,0.000000,0.000000
0.000000,0.000000,0.000000
0.000000,0.000000,0.000000
0.000000,0.000000,0.000000
0.000000,0.000000,0.000000
-0.238432,-0.175941,-0.259660
0.000000,0.000000,0.000000
-0.347872,-0.087067,-0.258861
0.000000,0.000000,0.000000
0.000000,0.000000,0.000000
0.000000,0.000000,0.000000
-0.441238,0.360274,-0.172344
0.000000,0.000000,0.000000
0.000000,0.000000,0.000000
-0.430815,0.048828,0.034774
0.000000,0.000000,0.000000
-0.368058,-0.207868,-0.179133
0.000000,0.000000,0.000000
0.000000,0.000000,0.000000
-0.380058,0.394877,0.111388
0.000000,0.000000,0.000000
0.000000,0.000000,0.000000
0.000000,0.000000,0.000000
0.000000,0.000000,0.000000
-0.225993,-0.221865,-0.087943
0.000000,0.000000,0.000000
-0.216089,-0.078042,-0.000647
0.000000,0.000000,0.000000
0.000000,0.000000,0.000000
0.000000,0.000000,0.000000
-0.367419,-0.049729,-0.229070
0.000000,0.000000,0.000000
0.000000,0.000000,0.000000
0.000000,0.000000,0.000000
0.000000,0.000000,0.000000
0.000000,0.000000,0.000000
0.000000,0.000000,0.000000
0.000000,0.000000,0.000000
0.000000,0.000000,0.000000
0.000000,0.000000,0.000000
0.000000,0.000000,0.000000
-0.263391,-0.221865,0.084013
0.000000,0.000000,0.000000
0.000000,0.000000,0.000000
0.000000,0.000000,0.000000
-0.366221,0.530613,0.192474
0.000000,0.000000,0.000000
0.000000,0.000000,0.000000
0.000000,0.000000,0.000000
0.000000,0.000000,0.000000
0.000000,0.000000,0.000000
0.000000,0.000000,0.000000
-0.374967,0.304966,-0.290629
0.000000,0.000000,0.000000
0.000000,0.000000,0.000000
0.000000,0.000000,0.000000
0.000000,0.000000,0.000000
0.000000,0.000000,0.000000
0.000000,0.000000,0.000000
0.000000,0.000000,0.000000
-0.341123,0.189117,0.326073
0.000000,0.000000,0.000000
0.000000,0.000000,0.000000
-0.269960,0.029121,0.261839
0.000000,0.000000,0.000000
-0.427241,0.165057,-0.138919
0.000000,0.000000,0.000000
-0.363945,0.374271,-0.316706
0.000000,0.000000,0.000000
0.000000,0.000000,0.000000
0.000000,0.000000,0.000000
0.000000,0.000000,0.000000
0.000000,0.000000,0.000000
0.000000,0.000000,0.000000
0.000000,0.000000,0.000000
0.000000,0.000000,0.000000
0.000000,0.000000,0.000000
0.000000,0.000000,0.000000
0.000000,0.000000,0.000000
-0.401643,-0.179595,-0.009812
0.000000,0.000000,0.000000
0.000000,0.000000,0.000000
0.000000,0.000000,0.000000
-0.361888,0.214635,0.099248
0.000000,0.000000,0.000000
-0.380538,-0.105177,0.187762
0.000000,0.000000,0.000000
0.000000,0.000000,0.000000
-0.443673,0.293944,0.145731
0.000000,0.000000,0.000000
0.000000,0.000000,0.000000
0.000000,0.000000,0.000000
-0.288070,-0.157631,0.168693
0.000000,0.000000,0.000000
0.000000,0.000000,0.000000
-0.332177,-0.064864,0.083354
0.000000,0.000000,0.000000
0.000000,0.000000,0.000000
0.000000,0.000000,0.000000
0.000000,0.000000,0.000000
0.000000,0.000000,0.000000
0.000000,0.000000,0.000000
-0.386188,0.404342,0.088785
0.000000,0.000000,0.000000
0.000000,0.000000,0.000000
0.000000,0.000000,0.000000
0.000000,0.000000,0.000000
-0.470270,0.391363,-0.068995
-0.315705,-0.037409,0.158370
0.000000,0.000000,0.000000
0.000000,0.000000,0.000000
0.000000,0.000000,0.000000
0.000000,0.000000,0.000000
-0.283019,0.073847,0.249759
-0.293961,0.086426,0.234684
0.000000,0.000000,0.000000
-0.293921,-0.109051,0.148147
-0.368937,0.032216,-0.246502
0.000000,0.000000,0.000000
0.000000,0.000000,0.000000
0.000000,0.000000,0.000000
0.000000,0.000000,0.000000
0.000000,0.000000,0.000000
0.000000,0.000000,0.000000
-0.287012,-0.195448,0.171788
-0.469171,0.362311,0.054881
0.000000,0.000000,0.000000
0.000000,0.000000,0.000000
0.000000,0.000000,0.000000
0.000000,0.000000,0.000000
-0.392997,0.090020,0.217333
0.000000,0.000000,0.000000
-0.467115,0.518713,-0.153675
0.000000,0.000000,0.000000
0.000000,0.000000,0.000000
0.000000,0.000000,0.000000
0.000000,0.000000,0.000000
0.000000,0.000000,0.000000
0.000000,0.000000,0.000000
0.000000,0.000000,0.000000
0.000000,0.000000,0.000000
0.000000,0.000000,0.000000
0.000000,0.000000,0.000000
0.000000,0.000000,0.000000
0.000000,0.000000,0.000000
0.000000,0.000000,0.000000
0.000000,0.000000,0.000000
0.000000,0.000000,0.000000
0.000000,0.000000,0.000000
0.000000,0.000000,0.000000
-0.371852,0.030579,0.247503
0.000000,0.000000,0.000000
-0.370115,0.334537,-0.114200
0.000000,0.000000,0.000000
0.000000,0.000000,0.000000
0.000000,0.000000,0.000000
-0.287012,-0.195448,0.171788
0.000000,0.000000,0.000000
0.000000,0.000000,0.000000
0.000000,0.000000,0.000000
0.000000,0.000000,0.000000
0.000000,0.000000,0.000000
0.000000,0.000000,0.000000
0.000000,0.000000,0.000000
0.000000,0.000000,0.000000
0.000000,0.000000,0.000000
-0.338966,-0.059992,0.013829
0.000000,0.000000,0.000000
0.000000,0.000000,0.000000
-0.295798,-0.053642,-0.193749
0.000000,0.000000,0.000000
0.000000,0.000000,0.000000
0.000000,0.000000,0.000000
0.000000,0.000000,0.000000
0.000000,0.000000,0.000000
0.000000,0.000000,0.000000
0.000000,0.000000,0.000000
0.000000,0.000000,0.000000
0.000000,0.000000,0.000000
0.000000,0.000000,0.000000
0.000000,0.000000,0.000000
0.000000,0.000000,0.000000
0.000000,0.000000,0.000000
0.000000,0.000000,0.000000
-0.401643,-0.179595,-0.009812
0.000000,0.000000,0.000000
-0.443673,0.293944,0.145731
0.000000,0.000000,0.000000
-0.271957,-0.033615,-0.240412
0.000000,0.000000,0.000000
-0.322993,-0.184367,-0.037646
-0.427241,0.165057,-0.138919
0.000000,0.000000,0.000000
0.000000,0.000000,0.000000
0.000000,0.000000,0.000000
0.000000,0.000000,0.000000
-0.270679,-0.161345,0.363951
-0.238292,-0.045037,0.014528
0.000000,0.000000,0.000000
0.000000,0.000000,0.000000
0.000000,0.000000,0.000000
-0.265408,-0.058734,0.107434
0.000000,0.000000,0.000000
0.000000,0.000000,0.000000
0.000000,0.000000,0.000000
0.000000,0.000000,0.000000
0.000000,0.000000,0.000000
0.000000,0.000000,0.000000
0.000000,0.000000,0.000000
-0.259098,-0.078042,-0.078958
0.000000,0.000000,0.000000
0.000000,0.000000,0.000000
0.000000,0.000000,0.000000
0.000000,0.000000,0.000000
-0.422788,-0.014527,0.003845
0.000000,0.000000,0.000000
0.000000,0.000000,0.000000
0.000000,0.000000,0.000000
0.000000,0.000000,0.000000
0.000000,0.000000,0.000000
0.000000,0.000000,0.000000
-0.341542,0.149083,0.145811
0.000000,0.000000,0.000000
0.000000,0.000000,0.000000
-0.309635,-0.113983,0.022215
0.000000,0.000000,0.000000
0.000000,0.000000,0.000000
0.000000,0.000000,0.000000
0.000000,0.000000,0.000000
0.000000,0.000000,0.000000
0.000000,0.000000,0.000000
0.000000,0.000000,0.000000
0.000000,0.000000,0.000000
0.000000,0.000000,0.000000
-0.337788,-0.221865,0.093897
0.000000,0.000000,0.000000
0.000000,0.000000,0.000000
0.000000,0.000000,0.000000
-0.337948,-0.067719,0.031340
0.000000,0.000000,0.000000
0.000000,0.000000,0.000000
0.000000,0.000000,0.000000
-0.249953,-0.078042,0.163162
-0.242845,-0.212760,-0.254988
0.000000,0.000000,0.000000
-0.452479,0.234921,-0.052182
0.000000,0.000000,0.000000
-0.406315,-0.100665,0.085950
0.000000,0.000000,0.000000
0.000000,0.000000,0.000000
0.000000,0.000000,0.000000
0.000000,0.000000,0.000000
0.000000,0.000000,0.000000
0.000000,0.000000,0.000000
0.000000,0.000000,0.000000
0.000000,0.000000,0.000000
-0.305681,0.064682,0.209186
-0.319059,0.240153,-0.351728
-0.395673,-0.114961,-0.123844
-0.324890,-0.144492,0.070176
0.000000,0.000000,0.000000
-0.177373,-0.036511,-0.165635
-0.351925,0.086946,-0.063504
0.000000,0.000000,0.000000
0.000000,0.000000,0.000000
0.000000,0.000000,0.000000
0.000000,0.000000,0.000000
-0.297175,-0.070415,0.195110
-0.307199,-0.185385,-0.123165
-0.347572,0.169769,-0.126160
0.000000,0.000000,0.000000
0.000000,0.000000,0.000000
-0.387247,-0.066921,-0.174520
-0.302726,-0.046115,0.188740
0.000000,0.000000,0.000000
0.000000,0.000000,0.000000
0.000000,0.000000,0.000000
0.000000,0.000000,0.000000
-0.175396,-0.031259,-0.096310
-0.269421,-0.083932,-0.366284
-0.366461,-0.221865,0.070895
0.000000,0.000000,0.000000
0.000000,0.000000,0.000000
0.000000,0.000000,0.000000
0.000000,0.000000,0.000000
0.000000,0.000000,0.000000
0.000000,0.000000,0.000000
0.000000,0.000000,0.000000
0.000000,0.000000,0.000000
0.000000,0.000000,0.000000
0.000000,0.000000,0.000000
-0.358434,-0.176360,-0.214235
0.000000,0.000000,0.000000
0.000000,0.000000,0.000000
0.000000,0.000000,0.000000
-0.404878,0.497768,-0.021852
0.000000,0.000000,0.000000
0.000000,0.000000,0.000000
-0.241287,-0.186323,-0.255467
0.000000,0.000000,0.000000
0.000000,0.000000,0.000000
0.000000,0.000000,0.000000
-0.274113,-0.060491,0.068339
-0.430076,0.572544,0.011393
0.000000,0.000000,0.000000
0.000000,0.000000,0.000000
-0.480033,0.540417,0.125744
0.000000,0.000000,0.000000
0.000000,0.000000,0.000000
0.000000,0.000000,0.000000
-0.340524,-0.031838,0.051726
0.000000,0.000000,0.000000
0.000000,0.000000,0.000000
-0.175396,-0.031259,-0.096310
0.000000,0.000000,0.000000
-0.407713,0.530853,-0.034032
0.000000,0.000000,0.000000
0.000000,0.000000,0.000000
0.000000,0.000000,0.000000
0.000000,0.000000,0.000000
0.000000,0.000000,0.000000
0.000000,0.000000,0.000000
0.000000,0.000000,0.000000
0.000000,0.000000,0.000000
0.000000,0.000000,0.000000
0.000000,0.000000,0.000000
-0.402721,0.479438,0.023932
0.000000,0.000000,0.000000
0.000000,0.000000,0.000000
-0.380677,0.554075,0.164660
0.000000,0.000000,0.000000
-0.263391,-0.221865,0.084013
0.000000,0.000000,0.000000
0.000000,0.000000,0.000000
-0.303784,0.212598,-0.364587
-0.478596,0.437487,0.057297
0.000000,0.000000,0.000000
0.000000,0.000000,0.000000
0.000000,0.000000,0.000000
0.000000,0.000000,0.000000
-0.297455,0.054459,0.222484
0.000000,0.000000,0.000000
0.000000,0.000000,0.000000
0.000000,0.000000,0.000000
0.000000,0.000000,0.000000
0.000000,0.000000,0.000000
0.000000,0.000000,0.000000
0.000000,0.000000,0.000000
0.000000,0.000000,0.000000
-0.346055,0.149123,-0.123165
0.000000,0.000000,0.000000
-0.446010,0.534407,-0.212997
0.000000,0.000000,0.000000
-0.355180,0.446931,-0.187719
0.000000,0.000000,0.000000
-0.309515,0.298776,-0.368101
0.000000,0.000000,0.000000
0.000000,0.000000,0.000000
-0.452679,0.218928,-0.013626
0.000000,0.000000,0.000000
0.000000,0.000000,0.000000
-0.303185,-0.096072,0.082196
-0.291065,-0.012790,0.220548
0.000000,0.000000,0.000000
0.000000,0.000000,0.000000
0.000000,0.000000,0.000000
0.000000,0.000000,0.000000
-0.407653,0.049467,-0.156350
0.000000,0.000000,0.000000
0.000000,0.000000,0.000000
0.000000,0.000000,0.000000
-0.470270,0.391363,-0.068995
0.000000,0.000000,0.000000
0.000000,0.000000,0.000000
-0.462103,0.292666,-0.006717
-0.322813,0.005161,0.152220
0.000000,0.000000,0.000000
0.000000,0.000000,0.000000
-0.242605,0.076762,-0.293923
-0.408691,-0.124645,-0.011010
0.000000,0.000000,0.000000
-0.308896,-0.132672,0.060112
0.000000,0.000000,0.000000
0.000000,0.000000,0.000000
0.000000,0.000000,0.000000
0.000000,0.000000,0.000000
0.000000,0.000000,0.000000
-0.413044,0.045334,0.143215
0.000000,0.000000,0.000000
0.000000,0.000000,0.000000
0.000000,0.000000,0.000000
0.000000,0.000000,0.000000
0.000000,0.000000,0.000000
0.000000,0.000000,0.000000
-0.430276,0.053181,-0.040202
-0.204388,-0.041562,0.157571
0.000000,0.000000,0.000000
0.000000,0.000000,0.000000
0.000000,0.000000,0.000000
0.000000,0.000000,0.000000
0.000000,0.000000,0.000000
0.000000,0.000000,0.000000
0.000000,0.000000,0.000000
0.000000,0.000000,0.000000
-0.380538,-0.105177,0.187762
-0.476499,0.568032,-0.121688
0.000000,0.000000,0.000000
0.000000,0.000000,0.000000
0.000000,0.000000,0.000000
0.000000,0.000000,0.000000
0.000000,0.000000,0.000000
0.000000,0.000000,0.000000
0.000000,0.000000,0.000000
0.000000,0.000000,0.000000
0.000000,0.000000,0.000000
0.000000,0.000000,0.000000
0.000000,0.000000,0.000000
0.000000,0.000000,0.000000
0.000000,0.000000,0.000000
0.000000,0.000000,0.000000
0.000000,0.000000,0.000000
-0.456373,0.398551,0.147628
0.000000,0.000000,0.000000
0.000000,0.000000,0.000000
-0.285035,0.256426,-0.386610
0.000000,0.000000,0.000000
-0.225993,-0.221865,-0.087943
0.000000,0.000000,0.000000
0.000000,0.000000,0.000000
0.000000,0.000000,0.000000
-0.232202,-0.199981,-0.268146
0.000000,0.000000,0.000000
0.000000,0.000000,0.000000
0.000000,0.000000,0.000000
0.000000,0.000000,0.000000
0.000000,0.000000,0.000000
0.000000,0.000000,0.000000
0.000000,0.000000,0.000000
0.000000,0.000000,0.000000
0.000000,0.000000,0.000000
0.000000,0.000000,0.000000
0.000000,0.000000,0.000000
0.000000,0.000000,0.000000
0.000000,0.000000,0.000000
0.000000,0.000000,0.000000
0.000000,0.000000,0.000000
0.000000,0.000000,0.000000
0.000000,0.000000,0.000000
0.000000,0.000000,0.000000
0.000000,0.000000,0.000000
-0.335951,-0.100206,-0.276971
-0.207324,-0.221865,0.194950
-0.221700,0.079817,0.323597
0.000000,0.000000,0.000000
0.000000,0.000000,0.000000
-0.327126,0.114859,-0.325851
-0.327425,0.032795,-0.139798
-0.341542,0.149083,0.145811
-0.436625,0.180990,-0.108549
0.000000,0.000000,0.000000
0.000000,0.000000,0.000000
-0.227331,-0.173105,-0.274795
0.000000,0.000000,0.000000
0.000000,0.000000,0.000000
0.000000,0.000000,0.000000
0.000000,0.000000,0.000000
0.000000,0.000000,0.000000
0.000000,0.000000,0.000000
-0.385290,0.450546,0.307863
0.000000,0.000000,0.000000
0.000000,0.000000,0.000000
-0.287112,-0.073190,0.070056
0.000000,0.000000,0.000000
0.000000,0.000000,0.000000
0.000000,0.000000,0.000000
0.000000,0.000000,0.000000
0.000000,0.000000,0.000000
0.000000,0.000000,0.000000
0.000000,0.000000,0.000000
0.000000,0.000000,0.000000
0.000000,0.000000,0.000000
0.000000,0.000000,0.000000
0.000000,0.000000,0.000000
0.000000,0.000000,0.000000
0.000000,0.000000,0.000000
0.000000,0.000000,0.000000
0.000000,0.000000,0.000000
-0.237274,-0.134209,0.282286
0.000000,0.000000,0.000000
0.000000,0.000000,0.000000
-0.447547,0.308580,-0.130333
0.000000,0.000000,0.000000
0.000000,0.000000,0.000000
0.000000,0.000000,0.000000
0.000000,0.000000,0.000000
0.000000,0.000000,0.000000
-0.326986,0.235221,0.204893
-0.331838,0.456016,0.239037
0.000000,0.000000,0.000000
-0.476499,0.568032,-0.121688
0.000000,0.000000,0.000000
0.000000,0.000000,0.000000
0.000000,0.000000,0.000000
0.000000,0.000000,0.000000
-0.409710,-0.116678,0.015546
-0.292623,0.172524,0.379405
0.000000,0.000000,0.000000
0.000000,0.000000,0.000000
0.000000,0.000000,0.000000
0.000000,0.000000,0.000000
0.000000,0.000000,0.000000
-0.396671,-0.174243,-0.080116
0.000000,0.000000,0.000000
0.000000,0.000000,0.000000
0.000000,0.000000,0.000000
0.000000,0.000000,0.000000
0.000000,0.000000,0.000000
-0.281042,0.234602,0.276495
0.000000,0.000000,0.000000
0.000000,0.000000,0.000000
0.000000,0.000000,0.000000
0.000000,0.000000,0.000000
0.000000,0.000000,0.000000
0.000000,0.000000,0.000000
0.000000,0.000000,0.000000
-0.322993,-0.184367,-0.037646
0.000000,0.000000,0.000000
0.000000,0.000000,0.000000
0.000000,0.000000,0.000000
-0.175556,-0.078042,-0.074825
0.000000,0.000000,0.000000
0.000000,0.000000,0.000000
0.000000,0.000000,0.000000
0.000000,0.000000,0.000000
0.000000,0.000000,0.000000
0.000000,0.000000,0.000000
0.000000,0.000000,0.000000
0.000000,0.000000,0.000000
-0.327405,-0.112745,-0.070512
0.000000,0.000000,0.000000
0.000000,0.000000,0.000000
-0.431354,0.514700,-0.238036
0.000000,0.000000,0.000000
0.000000,0.000000,0.000000
0.000000,0.000000,0.000000
-0.289827,-0.221865,0.103660
0.000000,0.000000,0.000000
0.000000,0.000000,0.000000
0.000000,0.000000,0.000000
0.000000,0.000000,0.000000
-0.327525,0.452682,-0.236858
-0.325888,0.427763,-0.235300
0.000000,0.000000,0.000000
-0.410149,-0.089024,0.068099
-0.338866,0.060389,-0.112004
-0.418455,0.385513,0.240774
0.000000,0.000000,0.000000
-0.225993,-0.221865,-0.087943
-0.331718,0.311255,0.212082
0.000000,0.000000,0.000000
0.000000,0.000000,0.000000
0.000000,0.000000,0.000000
0.000000,0.000000,0.000000
0.000000,0.000000,0.000000
-0.298573,-0.184187,0.132113
-0.327525,0.452682,-0.236858
-0.301448,-0.114801,0.119015
0.000000,0.000000,0.000000
-0.327006,-0.158330,0.034255
0.000000,0.000000,0.000000
0.000000,0.000000,0.000000
-0.347632,-0.221865,0.019659
0.000000,0.000000,0.000000
0.000000,0.000000,0.000000
