0.847884,0.002886,0.002153
0.843907,-0.019462,0.011031
0.847884,-0.040106,-0.026516
0.847884,-0.040106,-0.026516
0.847884,0.050968,0.031083
0.847884,-0.075949,0.058379
0.831075,-0.066361,-0.035276
0.840332,0.069718,0.062664
0.840332,0.069718,0.062664
0.806454,0.002365,0.029213
0.806454,-0.043113,0.031178
0.813083,-0.047066,0.062001
0.813083,-0.047066,0.062001
0.798594,-0.001375,-0.035347
0.806454,0.067422,0.017163
0.792463,-0.003222,0.040482
0.806454,-0.080092,0.037309
0.791752,0.019647,0.060794
0.791752,0.019647,0.060794
0.847884,0.148695,0.056959
0.788320,0.062142,0.027129
0.826719,0.125992,0.062522
0.826719,0.125992,0.062522
0.788178,0.064226,-0.028742
0.786355,-0.084400,-0.035844
0.772505,-0.066811,0.012120
0.772505,-0.066811,0.012120
0.770706,0.035438,0.051798
0.770706,0.035438,0.051798
0.807614,-0.127132,0.061788
0.839621,0.176702,-0.034779
0.801435,-0.143941,-0.028315
0.771369,-0.104973,0.030041
0.827950,0.183922,-0.034779
0.806454,0.166995,0.021826
0.817533,-0.179949,-0.035654
0.777501,-0.153600,-0.026445
0.770706,0.145310,0.010486
0.827832,0.218013,0.063019
0.827832,0.218013,0.063019
0.847884,-0.245266,-0.008477
0.847884,-0.245266,-0.008477
0.806454,0.221635,-0.022563
0.770872,0.185627,-0.011649
0.770706,0.218510,0.008166
0.772931,-0.225688,0.033237
0.777359,0.234064,0.046661
0.777027,0.239343,0.007693
0.806454,-0.268136,0.021329
0.806454,-0.268136,0.021329
0.787136,-0.255612,0.008545
0.787136,-0.255612,0.008545
0.847884,-0.296994,0.014511
0.847884,-0.296994,0.014511
0.847884,-0.309565,0.005681
0.847884,-0.309565,0.005681
0.847884,-0.309565,0.005681
0.754087,0.266900,-0.031180
0.754087,0.266900,-0.031180
0.847884,0.335721,0.035747
0.806454,0.313396,0.053526
0.806454,0.313396,0.053526
0.747600,0.275589,0.024075
0.847884,-0.344201,0.021755
0.847884,0.342208,0.058924
0.835644,-0.360204,0.062451
0.842439,0.364509,0.055964
0.806454,-0.349953,0.037783
0.729158,-0.297776,-0.038188
0.732094,0.297203,0.058758
0.732094,0.297203,0.058758
0.847884,0.377932,-0.021403
0.747553,-0.323296,0.014606
0.806454,-0.368987,-0.031133
0.741113,-0.334186,-0.025309
0.833963,-0.385985,0.054213
0.833963,-0.385985,0.054213
0.726222,-0.328670,0.057480
0.847197,-0.413518,0.004355
0.733609,-0.349788,0.035723
0.652856,-0.282861,-0.002298
0.549850,0.026750,0.000827
0.551034,0.004141,0.043559
0.551034,0.004141,0.043559
0.550844,0.026750,0.037546
0.550939,-0.000807,0.063611
0.752619,0.380773,-0.034779
0.653898,-0.292922,0.047229
0.828802,-0.422159,-0.028315
0.828802,-0.422159,-0.028315
0.548714,-0.010419,0.072963
0.723666,-0.365057,0.014180
0.547625,-0.010087,-0.079215
0.550679,0.091356,0.030823
0.550679,0.091356,0.030823
0.768433,-0.399764,0.012830
0.768433,-0.399764,0.012830
0.741066,-0.382055,-0.037904
0.741066,-0.382055,-0.037904
0.628496,0.278051,-0.013472
0.655886,-0.308547,-0.067188
0.701293,0.362307,0.035889
0.808892,-0.431534,0.008427
0.539315,0.012285,0.112380
0.729466,-0.388661,-0.038235
0.550986,0.160248,0.042518
0.550986,0.160248,0.042518
0.550323,0.170617,0.018583
0.817344,0.446279,0.008995
0.817344,0.446279,0.008995
0.817344,0.446279,0.008995
0.547435,-0.144130,-0.086743
0.685526,0.363680,0.048460
0.647766,-0.321213,0.084658
0.550560,-0.180565,0.027248
0.536687,-0.059164,-0.136033
0.536687,-0.059164,-0.136033
0.708988,-0.387950,-0.038827
0.533041,-0.008359,-0.148320
0.547412,-0.167804,-0.087477
0.547412,-0.167804,-0.087477
0.547080,-0.161199,-0.099480
0.685526,0.378382,-0.022302
0.685526,0.378382,-0.022302
0.684816,0.376843,0.037617
0.548382,-0.196024,-0.052108
0.617037,0.303453,0.086457
0.548950,-0.206630,-0.031654
0.548950,-0.206630,-0.031654
0.528969,0.022015,-0.162003
0.526933,-0.029453,0.164203
0.526933,-0.029453,0.164203
0.685290,-0.392993,-0.046189
0.597814,0.303784,-0.054239
0.780720,0.455701,0.040718
0.550016,0.236810,0.006935
0.570636,0.273529,0.014274
0.664267,0.366900,0.112001
0.664267,0.366900,0.112001
0.667534,0.379400,-0.082198
0.524874,0.078288,0.172867
0.652004,0.368817,-0.082577
0.696298,-0.413566,0.028100
0.696298,-0.413566,0.028100
0.696298,-0.413566,0.028100
0.548548,-0.242070,-0.045527
0.530271,0.150305,0.150282
0.524495,-0.096782,0.174454
0.630981,-0.352794,-0.097539
0.630981,-0.352794,-0.097539
0.667771,-0.389465,0.110107
0.690309,-0.423296,0.010581
0.549424,0.283401,-0.014087
0.628164,-0.366786,0.108213
0.534817,-0.230517,0.131177
0.523879,-0.172137,0.177034
0.543600,0.267894,0.094411
0.515380,0.096636,0.212664
0.515380,0.096636,0.212664
0.703921,0.444764,0.063019
0.631360,0.376796,0.112688
0.684224,0.436880,0.015482
0.688249,-0.435843,0.061125
0.516398,0.127294,0.208450
0.511001,-0.067829,0.224548
0.511001,-0.067829,0.224548
0.551010,-0.305091,0.043228
0.551010,-0.305091,0.043228
0.721132,-0.471686,0.008024
0.506503,0.030822,-0.237453
0.506503,0.030822,-0.237453
0.506503,0.030822,-0.237453
0.504774,0.064557,0.236054
0.540144,0.286526,0.108853
0.548927,-0.319082,-0.032482
0.549968,0.322842,0.005515
0.549968,0.322842,0.005515
0.514268,0.163610,-0.211388
0.547956,-0.323036,-0.066999
0.547956,-0.323036,-0.066999
0.509344,0.152412,0.227649
0.509344,0.152412,0.227649
0.684698,0.464461,0.033166
0.547648,-0.325356,0.077461
0.547648,-0.325356,0.077461
0.695991,-0.483357,-0.010276
0.529561,-0.285607,0.153218
0.671417,0.468154,0.009539
0.671417,0.468154,0.009539
0.671417,0.468154,0.009539
0.550087,-0.358784,0.009942
0.550087,-0.358784,0.009942
0.539102,0.327127,0.113256
0.539102,0.327127,0.113256
0.511853,0.212237,0.222986
0.547483,0.348955,-0.084423
0.688723,-0.483902,0.054757
0.517440,0.248079,-0.200734
0.547838,-0.354191,-0.071568
0.633325,0.441994,0.082337
0.524708,0.296682,0.173625
0.551768,0.371777,0.070927
0.551412,-0.373912,0.057835
0.548832,0.374357,-0.035512
0.506503,0.215788,-0.237406
0.550702,0.381223,0.032077
0.503449,-0.216952,0.238539
0.486285,0.095760,-0.280540
0.563794,0.398931,-0.076019
0.480059,-0.081938,0.281745
0.480059,-0.081938,0.281745
0.480059,-0.081938,0.281745
0.549803,0.401275,-0.000546
0.552454,-0.400498,0.095666
0.580484,0.440858,-0.051303
0.504254,0.267161,0.237048
0.549400,-0.412619,-0.014821
0.601862,0.465597,-0.008098
0.558396,-0.411009,0.110533
0.558396,-0.411009,0.110533
0.473548,-0.128316,-0.301278
0.550394,0.431530,0.021258
0.550394,0.431530,0.021258
0.495968,0.271801,0.252365
0.549897,-0.437737,0.003147
0.460575,0.002081,-0.322372
0.460575,0.002081,-0.322372
0.508823,0.323813,-0.229640
0.460764,0.103383,-0.322064
0.460764,0.103383,-0.322064
0.453922,0.016593,0.330040
0.453922,0.016593,0.330040
0.459296,-0.107151,-0.324455
0.534864,-0.416999,-0.142164
0.550418,-0.456534,0.021637
0.550418,-0.456534,0.021637
0.546678,0.442752,-0.102510
0.546678,0.442752,-0.102510
0.539315,-0.436104,0.112380
0.550466,0.461904,0.023507
0.450916,0.077081,0.335603
0.565475,-0.478220,-0.057080
0.565475,-0.478220,-0.057080
0.446465,0.334916,-0.047823
0.542085,0.449901,0.100709
0.542085,0.449901,0.100709
0.447909,0.334916,0.075141
0.447909,0.334916,0.075141
0.447909,0.334916,0.075141
0.452360,0.342231,-0.087193
0.458705,0.362733,-0.047989
0.437777,0.334916,0.055373
0.444950,0.055301,-0.347774
0.527075,0.425375,-0.168324
0.549566,-0.487240,-0.041478
0.469973,0.264841,-0.307079
0.452857,0.374333,0.077484
0.447341,0.354376,0.128218
0.447436,0.159017,-0.343726
0.447436,0.159017,-0.343726
0.462705,0.252530,0.313823
0.530177,-0.455445,-0.157955
0.438084,-0.103884,0.359349
0.438084,-0.103884,0.359349
0.437137,0.101749,0.361053
0.511190,0.410650,0.224240
0.547435,0.496468,-0.085891
0.547435,0.496468,-0.085891
0.540333,0.485839,0.108071
0.511924,-0.418064,0.222867
0.511924,-0.418064,0.222867
0.511924,-0.418064,0.222867
0.511924,-0.418064,0.222867
0.464292,0.419764,-0.005565
0.522483,0.455181,0.182905
0.548548,0.513940,-0.046284
0.443600,0.391118,-0.086956
0.443600,0.391118,-0.086956
0.443600,0.391118,-0.086956
0.427549,0.048317,-0.376065
0.523974,-0.461932,-0.178741
0.474803,-0.333595,0.291475
0.451389,0.404447,0.097489
0.462350,0.433661,0.014345
0.531266,0.484986,-0.154262
0.526626,-0.477297,0.165576
0.453330,0.421445,0.082882
0.469831,-0.333026,-0.307292
0.420045,-0.026967,-0.388305
0.445731,0.403311,-0.142709
0.434888,-0.196474,-0.364133
0.415996,0.054709,0.384041
0.412445,-0.058525,0.387805
0.449685,-0.294461,0.337876
0.417488,0.107597,-0.392448
0.408184,0.334916,-0.206487
0.408184,0.334916,-0.206487
0.432781,-0.223604,0.366285
0.416991,0.349973,-0.210630
0.416991,0.349973,-0.210630
0.459651,0.463490,-0.040697
0.400845,0.391118,-0.000498
0.400845,0.391118,-0.000498
0.375608,0.334916,0.102484
0.375608,0.334916,0.102484
0.371229,0.334916,0.082195
0.548785,0.557216,-0.037335
0.548785,0.557216,-0.037335
0.410007,0.091475,-0.400947
0.402478,-0.040225,0.398340
0.402478,-0.040225,0.398340
0.402478,-0.040225,0.398340
0.550039,0.563442,0.007811
0.441967,0.291995,0.352152
0.441967,0.291995,0.352152
0.405201,0.342160,0.228454
0.401602,-0.006655,-0.408877
0.386806,0.334916,0.195973
0.386806,0.334916,0.195973
0.391541,0.391118,0.067139
0.391541,0.391118,0.067139
0.391541,0.391118,0.067139
0.396702,0.334916,-0.234659
0.455935,0.481696,0.063019
0.455935,0.481696,0.063019
0.455935,0.481696,0.063019
0.455935,0.481696,0.063019
0.550016,-0.574716,0.007054
0.397317,0.337591,0.240812
0.397317,0.337591,0.240812
0.537066,-0.551799,-0.134754
0.540901,0.578476,-0.063377
0.429017,0.441023,0.177034
0.412753,-0.226019,-0.398342
0.392559,-0.145077,0.408804
0.430509,0.314225,0.368700
0.430509,0.314225,0.368700
0.430509,0.314225,0.368700
0.389292,0.391118,0.184870
0.389292,0.391118,0.184870
0.360812,0.391118,-0.056724
0.360812,0.391118,-0.056724
0.513652,0.532003,-0.213447
0.457545,0.519929,0.050851
0.457545,0.519929,0.050851
0.514220,-0.536174,-0.211530
0.453709,0.403098,0.330466
0.453709,0.403098,0.330466
0.540617,-0.586837,-0.122846
0.387564,0.391118,-0.215247
0.356432,0.391118,0.093914
0.361522,0.391118,-0.124077
0.361522,0.391118,-0.124077
0.361522,0.391118,-0.124077
0.361522,0.391118,-0.124077
0.455627,0.414745,-0.330398
0.550750,-0.613139,0.064440
0.550750,-0.613139,0.064440
0.423785,0.462804,0.189700
0.423785,0.462804,0.189700
0.444003,-0.389631,0.348411
0.399496,0.247014,0.401465
0.375490,0.078359,-0.433593
0.377739,-0.109235,-0.431486
0.363653,0.391118,0.179212
0.368482,-0.010750,-0.440222
0.435385,0.497321,-0.167685
0.435385,0.497321,-0.167685
0.515593,0.578476,0.161243
0.549803,-0.626728,-0.000925
0.549803,-0.626728,-0.000925
0.404562,0.296232,0.396115
0.311475,0.334916,0.119316
0.313700,0.334916,-0.133902
0.478141,-0.500639,0.285320
0.361948,0.014510,-0.446401
0.356574,0.391118,0.199643
0.356574,0.391118,0.199643
0.370092,0.152578,0.432549
0.370092,0.152578,0.432549
0.396394,0.418533,-0.261837
0.382876,0.391118,-0.274574
0.393127,-0.261601,-0.416903
0.380154,0.222630,0.421896
0.377265,0.374618,-0.291525
0.317417,0.334916,0.188540
0.473098,0.499309,0.294623
0.406432,-0.329972,0.394150
0.406432,-0.329972,0.394150
0.437327,0.414201,0.360722
0.437327,0.414201,0.360722
0.312020,0.334916,-0.182718
0.302621,0.334916,0.153407
0.302621,0.334916,0.153407
0.301366,0.334916,-0.149030
0.507213,0.578476,-0.218963
0.507213,0.578476,-0.218963
0.326413,0.391118,0.142636
0.395897,0.316782,0.405276
0.448761,0.558471,0.117494
0.448761,0.558471,0.117494
0.469429,0.503713,-0.307978
0.549258,-0.653882,-0.020337
0.549258,-0.653882,-0.020337
0.364837,0.197346,0.438089
0.364837,0.197346,0.438089
0.399780,0.460129,-0.253622
0.480792,0.578476,-0.179357
0.418056,-0.381724,-0.391548
0.404349,0.476795,0.236598
0.345021,0.334916,0.312119
0.319003,0.391118,-0.153788
0.319003,0.391118,-0.153788
0.320211,0.391118,0.161859
0.320211,0.391118,0.161859
0.295613,0.334916,0.186054
0.301035,0.391118,-0.047231
0.489789,0.561738,0.263776
0.489789,0.561738,0.263776
0.367677,-0.241691,0.435106
0.353757,-0.161460,-0.454166
0.353757,-0.161460,-0.454166
0.395731,-0.349196,0.405466
0.329420,0.391118,-0.224148
0.329420,0.391118,-0.224148
0.341754,0.391118,-0.261837
0.383444,0.311928,-0.426065
0.337943,-0.074528,0.466521
0.337943,-0.074528,0.466521
0.441849,0.574475,0.146092
0.545399,-0.671117,0.086859
0.475111,-0.553456,0.290883
0.475111,-0.553456,0.290883
0.475111,-0.553456,0.290883
0.362943,0.412804,0.302933
0.358184,0.396729,-0.315151
0.323075,0.391118,-0.241691
0.323075,0.391118,-0.241691
0.446678,0.496113,0.343440
0.446678,0.496113,0.343440
0.421418,0.545971,0.195382
0.331456,0.010320,0.473363
0.331456,0.010320,0.473363
0.331456,0.010320,0.473363
0.422720,0.444267,0.376939
0.277810,0.334916,0.201560
0.511072,-0.621590,-0.222065
0.511072,-0.621590,-0.222065
0.297933,0.334916,-0.264134
0.297933,0.334916,-0.264134
0.297933,0.334916,-0.264134
0.252242,0.334916,-0.091052
0.451200,0.515337,-0.337618
0.376011,-0.324906,-0.433096
0.376011,-0.324906,-0.433096
0.440878,0.578476,0.187758
0.440878,0.578476,0.187758
0.477241,-0.570289,-0.295265
0.477241,-0.570289,-0.295265
0.384865,0.365598,0.416948
0.306480,0.334916,-0.306889
0.307687,0.334916,0.316262
0.307687,0.334916,0.316262
0.338606,-0.190153,-0.468489
0.538534,-0.681889,-0.129854
0.320779,0.019789,0.482999
0.547293,-0.696448,-0.091573
0.234700,0.334916,0.025875
0.234700,0.334916,0.025875
0.320779,0.391118,-0.290578
0.285907,0.334916,-0.286009
0.410977,0.445166,-0.400023
0.235765,0.334916,-0.094792
0.235765,0.334916,-0.094792
0.474898,-0.583712,-0.299077
0.418364,-0.465436,-0.391027
0.344903,0.417089,0.326442
0.493529,-0.622277,0.256840
0.493529,-0.622277,0.256840
0.313913,0.340408,0.352317
0.510338,-0.686600,0.008900
0.544784,-0.704923,0.089440
0.348407,-0.277724,-0.459232
0.348407,-0.277724,-0.459232
0.348407,-0.277724,-0.459232
0.348407,-0.277724,-0.459232
0.405154,0.549120,-0.240696
0.228639,0.334916,0.090718
0.228639,0.334916,0.090718
0.518032,-0.667400,0.201513
0.223597,0.334916,0.073389
0.438866,0.527434,0.357857
0.250917,0.391118,0.111622
0.312540,0.104401,-0.493181
0.414931,0.578476,-0.239773
0.414931,0.578476,-0.239773
0.212138,0.334916,0.046968
0.298028,0.048743,0.496966
0.300135,-0.004903,-0.504923
0.294974,0.026324,0.498860
0.514031,-0.683404,-0.212169
0.514031,-0.683404,-0.212169
0.490475,-0.699336,0.010250
0.490475,-0.699336,0.010250
0.537776,-0.728811,-0.070692
0.281030,0.391118,-0.284209
0.281030,0.391118,-0.284209
0.446749,0.571657,-0.344839
0.446749,0.571657,-0.344839
0.199236,0.334916,0.026277
0.199236,0.334916,0.026277
0.199236,0.334916,0.026277
0.000003,54373381438726247284736.000000,0.000054
265420611609312624640.000000,0.000011,0.000011
0.000000,0.000000,267996301160261615616.000000
16483733082529809301504.000000,0.000000,0.000011
0.000000,269420155559276374392832.000000,0.000000
0.000000,0.000000,209432244551498386636800.000000
0.000000,0.000000,0.000000
0.000000,267996301160261615616.000000,16483733082529809301504.000000
0.000000,0.000011,0.000000
0.000013,0.000003,0.000000
0.000000,0.000000,0.000000
1039398354006044573696.000000,0.000011,0.000000
267996301160261615616.000000,16483733082529809301504.000000,0.000000
0.000174,0.000003,213941572757594897907712.000000
0.000044,0.000000,3401363321819936849920.000000
0.000000,0.000001,0.000003
0.000000,0.000000,267996301160261615616.000000
16483733082529809301504.000000,0.000000,0.000011
0.000000,0.000000,13443123290510991556608.000000
822670643975675707392.000000,213746291892677509120.000000,0.000055
0.000044,0.000000,210381405194564482891776.000000
0.000000,267996301160261615616.000000,16483733082529809301504.000000
0.000000,0.000000,0.000011
3364670525330912444416.000000,0.000044,0.000043
0.000000,0.000000,265429583624195276800.000000
840216738492655337472.000000,0.000000,0.000000
267996301160261615616.000000,16483733082529809301504.000000,0.000000
0.000011,0.000000,0.000000
3364685443504678109184.000000,208922883915205574656.000000,0.000000
0.000000,0.000000,0.000001
0.000000,0.000000,267996301160261615616.000000
16483733082529809301504.000000,0.000000,0.000000
0.000011,261020454035883294720.000000,0.000174
0.000043,0.000000,211567491206827286200320.000000
0.000000,0.000003,0.000003
0.000000,267996301160261615616.000000,16483733082529809301504.000000
0.000000,0.000011,0.000000
4154421755986602622976.000000,3272090872215987290112.000000,0.000000
0.000000,4154652002517551939584.000000,218663993283660071567360.000000
0.000000,0.000001,0.000000
267996301160261615616.000000,16483733082529809301504.000000,0.000000
0.000174,0.000003,0.000000
0.000000,0.000003,0.000000
849562833619355959296.000000,0.000000,0.000001
0.000000,0.000000,267996301160261615616.000000
16483733082529809301504.000000,0.000000,0.000001
0.000000,0.000003,54127601992662129836032.000000
0.000000,265883064440736605798400.000000,0.000014
0.000000,3379817538252642975744.000000,13001847088222348247040.000000
0.000000,267996301160261615616.000000,16483733082529809301504.000000
0.000000,0.000000,0.000172
0.000001,0.000000,0.000011
0.000011,0.000000,0.000014
1061703768166736330752.000000,264258682905451036672.000000,0.000000
267996301160261615616.000000,16483733082529809301504.000000,0.000000
0.000011,0.000000,0.000000
52358079152273106141184.000000,0.000001,0.000000
0.000054,213526371974936264704.000000,0.000000
0.000000,0.000000,267996301160261615616.000000
16483733082529809301504.000000,0.000000,0.000000
0.000011,208236917152800219070464.000000,0.000000
16999363714666339500032.000000,0.000001,208015682324705270824960.000000
4154148162309239865344.000000,0.000000,0.000000
0.000000,267996301160261615616.000000,16483733082529809301504.000000
0.000000,0.000011,0.000000
0.000001,54125309660451798253568.000000,0.000215
0.000000,813429327909055627264.000000,0.000001
0.000044,210399851938638192443392.000000,0.000000
267996301160261615616.000000,16483733082529809301504.000000,0.000000
0.000174,0.000003,0.000000
0.000001,0.000000,0.000000
0.000000,0.000000,213517435144425701376.000000
3361142517972821082112.000000,0.000000,267996301160261615616.000000
16483733082529809301504.000000,0.000000,0.000000
0.000011,0.000042,0.000000
13369679713687740350464.000000,1039383928413488152576.000000,0.000043
0.000170,0.000001,0.000014
0.000000,267996301160261615616.000000,16483733082529809301504.000000
0.000000,0.000001,0.000000
0.000000,0.000014,0.000042
0.000001,0.000000,270619265981661533175808.000000
0.000000,4213164176251232976896.000000,0.000000
267996301160261615616.000000,16483733082529809301504.000000,0.000000
0.000000,0.000011,0.000173
0.000042,270803841508789685583872.000000,16913471062573129400320.000000
0.000014,16618033801117718020096.000000,0.000172
0.000000,0.000000,267996301160261615616.000000
16483733082529809301504.000000,0.000000,0.000000
0.000172,0.000001,0.000172
0.000000,0.000000,270822288252863395135488.000000
0.000000,0.000000,0.000003
0.000000,267996301160261615616.000000,16483733082529809301504.000000
0.000000,0.000174,0.000003
0.000000,0.000000,0.000000
13148835572860466495488.000000,0.000003,4227921909280172670976.000000
215320556949097234300928.000000,0.000000,12844919040361168776037000019968.000000
70947799003352788893696.000000,71429599658577895420765856071680.000000,0.000000
0.000000,0.000010,0.000014
3342477349317184061440.000000,0.000000,827282400362847272960.000000
0.000000,3287425065997230407680.000000,259637884134652641280.000000
0.000000,12844919040361168776037000019968.000000,70947799003352788893696.000000
71429599658577895420765856071680.000000,0.000000,0.000000
206825921375146533191680.000000,0.000001,0.000000
210612025524282871250944.000000,1048639881178897186816.000000,0.000000
0.000000,0.000000,0.000000
12844919040361168776037000019968.000000,70947799003352788893696.000000,71429599658577895420765856071680.000000
0.000000,0.000000,0.000042
0.000000,0.000000,52595355802240748093440.000000
0.000003,53536157764398444707840.000000,0.000000
0.000003,0.000000,12844919040361168776037000019968.000000
70947799003352788893696.000000,71429599658577895420765856071680.000000,0.000000
0.000000,807967446723473702912.000000,0.000000
267069186481796428070912.000000,210599073171754553704448.000000,0.000001
13369391483311588638720.000000,0.000000,66821249743985005559808.000000
0.000000,12844919040361168776037000019968.000000,70947799003352788893696.000000
71429599658577895420765856071680.000000,0.000000,0.000000
0.000042,0.000000,0.000000
0.000000,0.000000,204312042321708318720.000000
67112961402648674697216.000000,844824835705129664512.000000,0.000000
12844919040361168776037000019968.000000,70947799003352788893696.000000,71429599658577895420765856071680.000000
0.000000,0.000003,51716834119329958068224.000000
0.000000,217695539219790320107520.000000,0.000173
1052422693759655870464.000000,836559463751509606400.000000,16618557344574399840256.000000
0.000168,0.000000,12844919040361168776037000019968.000000
70947799003352788893696.000000,71429599658577895420765856071680.000000,0.000000
0.000001,12928628691380465565696.000000,67653870739493635489792.000000
0.000043,210593650837803199627264.000000,0.000168
0.000000,52354408718576799186944.000000,67701149528381770956800.000000
0.000000,12844919040361168776037000019968.000000,70947799003352788893696.000000
71429599658577895420765856071680.000000,0.000000,0.000001
51714514765521862262784.000000,0.000000,53783094635566796374016.000000
0.000044,207778916833295335424.000000,1053287877469320249344.000000
260790858415817621504.000000,54657918863183515222016.000000,0.000000
12844919040361168776037000019968.000000,70947799003352788893696.000000,71429599658577895420765856071680.000000
0.000000,0.000000,0.000167
0.000003,0.000000,0.000001
13088316201067861770240.000000,0.000003,0.000000
0.000000,0.000000,12844919040361168776037000019968.000000
70947799003352788893696.000000,71429599658577895420765856071680.000000,0.000000
0.000042,0.000001,0.000000
0.000000,0.000000,0.000000
0.000000,0.000000,0.000000
0.000000,12844919040361168776037000019968.000000,70947799003352788893696.000000
71429599658577895420765856071680.000000,0.000000,0.000000
0.000010,0.000011,0.000000
0.000003,0.000000,213937915834697473064960.000000
269623970464012653559808.000000,0.000055,0.000000
12844919040361168776037000019968.000000,70947799003352788893696.000000,71429599658577895420765856071680.000000
0.000000,0.000000,201991861680868425728.000000
0.000000,0.000000,0.000000
13444857176367529197568.000000,269410986230435048062976.000000,0.000000
207756416427344527360.000000,0.000000,12844919040361168776037000019968.000000
70947799003352788893696.000000,71429599658577895420765856071680.000000,0.000000
0.000000,0.000010,0.000044
0.000000,0.000000,0.000000
0.000000,210282953410485420032.000000,52003893559578553483264.000000
0.000000,12844919040361168776037000019968.000000,70947799003352788893696.000000
71429599658577895420765856071680.000000,0.000000,0.000000
3232086241150985306112.000000,0.000003,0.000011
826359866126678097920.000000,854087543869979754496.000000,0.000003
0.000000,52649538609357642530816.000000,0.000000
12844919040361168776037000019968.000000,70947799003352788893696.000000,71429599658577895420765856071680.000000
0.000000,0.000001,0.000167
0.000000,0.000000,261966350695119454208.000000
13591037264872534441984.000000,0.000001,210399942010630739853312.000000
16763590141074332450816.000000,0.000000,12844919040361168776037000019968.000000
70947799003352788893696.000000,71429599658577895420765856071680.000000,0.000000
0.000043,808057448347276935168.000000,0.000000
16616882005513018015744.000000,0.000000,0.000219
0.000000,0.000011,0.000000
0.000000,12844919040361168776037000019968.000000,70947799003352788893696.000000
71429599658577895420765856071680.000000,0.000000,0.000000
0.000000,0.000042,4173086924642239643648.000000
0.000000,212742642479194833944576.000000,0.000000
0.000000,0.000042,0.000000
12844919040361168776037000019968.000000,70947799003352788893696.000000,71429599658577895420765856071680.000000
0.000000,0.000000,206839666361209267945472.000000
1057902378237514743808.000000,0.000000,0.000011
0.000042,831872835020533006336.000000,67943254037149954080768.000000
826363384563886981120.000000,0.000000,12844919040361168776037000019968.000000
70947799003352788893696.000000,71429599658577895420765856071680.000000,0.000000
0.000003,0.000000,1047775330787930406912.000000
0.000000,0.000000,0.000000
13371409095944650620928.000000,0.000000,264268464160891731968.000000
0.000000,4592658201915356501508096.000000,16532820884704985088.000000
281751455506530041856.000000,0.000003,0.000001
52295609721841849991168.000000,0.000000,0.000000
0.000000,850373200077305937920.000000,66470793131781915672576.000000
203351895991776182272.000000,0.000000,0.000000
4592658201915356501508096.000000,16532820884704985088.000000,281751455506530041856.000000
0.000000,0.000000,1061538049774197932032.000000
0.000000,264241460155313553408.000000,0.000011
0.000000,3416192549492961050624.000000,0.000003
66473071953193365143552.000000,0.000000,4592658201915356501508096.000000
16532820884704985088.000000,281751455506530041856.000000,0.000000
0.000000,0.000000,0.000003
16852311053733531222016.000000,13665691184095641468928.000000,0.000000
0.000000,0.000170,0.000042
0.000000,4592658201915356501508096.000000,16532820884704985088.000000
281751455506530041856.000000,0.000000,0.000000
0.000000,0.000000,0.000000
0.000001,0.000001,0.000044
0.000000,0.000000,0.000000
4592658201915356501508096.000000,16532820884704985088.000000,281751455506530041856.000000
0.000000,0.000000,3342262865384930541568.000000
1048643047772385181696.000000,0.000217,270596153508373867790336.000000
13665692309995548311552.000000,0.000000,0.000003
215109302097776539074560.000000,0.000000,4592658201915356501508096.000000
16532820884704985088.000000,281751455506530041856.000000,0.000170
0.000000,0.000000,0.000001
0.000011,0.000000,0.000000
0.000000,213946310544402891669504.000000,0.000220
0.000000,4592658201915356501508096.000000,16532820884704985088.000000
281751455506530041856.000000,0.000003,0.000001
0.000000,0.000000,0.000000
13532186476741870485504.000000,0.000000,0.000003
0.000014,0.000168,0.000000
4592658201915356501508096.000000,16532820884704985088.000000,281751455506530041856.000000
0.000000,0.000000,0.000000
0.000172,0.000000,0.000001
0.000000,0.000001,0.000000
52007582007673369919488.000000,0.000000,4592658201915356501508096.000000
16532820884704985088.000000,281751455506530041856.000000,0.000003
0.000000,263078687026521833472.000000,260795449976375214080.000000
850358844853493694464.000000,0.000003,0.000003
0.000000,4228138645012239876096.000000,0.000055
0.000000,4592658201915356501508096.000000,16532820884704985088.000000
281751455506530041856.000000,0.000000,0.000000
0.000000,0.000043,0.000000
1044027984054237265920.000000,3327431385912092655616.000000,13297905846426336755712.000000
0.000000,0.000014,0.000000
4592658201915356501508096.000000,16532820884704985088.000000,281751455506530041856.000000
0.000011,0.000000,210044262630234783744.000000
0.000000,3305946400939768283136.000000,0.000172
0.000000,849493801881317670912.000000,0.000000
0.000220,0.000000,4592658201915356501508096.000000
16532820884704985088.000000,281751455506530041856.000000,0.000000
0.000000,0.000000,0.000000
0.000000,0.000054,13593058255205316952064.000000
0.000000,0.000000,0.000043
0.000000,267996301160261615616.000000,16483733082529809301504.000000
0.000000,0.000011,0.000000
210385962837387381833728.000000,268225782923699209371648.000000,0.000170
210080396980370014208.000000,0.000169,3416494009193018163200.000000
0.000000,0.000216,0.000000
267996301160261615616.000000,16483733082529809301504.000000,0.000000
0.000174,0.000003,0.000003
0.000000,0.000000,0.000000
0.000043,0.000003,0.000011
0.000000,0.000000,267996301160261615616.000000
16483733082529809301504.000000,0.000000,0.000001
0.000000,0.000003,267054378646221633880064.000000
1061703486691759620096.000000,0.000011,0.000217
0.000043,0.000001,0.000176
0.000000,267996301160261615616.000000,16483733082529809301504.000000
0.000000,0.000174,0.000003
0.000000,0.000000,0.000173
0.000000,0.000217,13531325163313135878144.000000
0.000000,13296464694545578196992.000000,0.000000
267996301160261615616.000000,16483733082529809301504.000000,0.000000
0.000011,0.000000,0.000003
265407012849500291072.000000,211210677341537697792.000000,0.000011
3309345211283549454336.000000,0.000000,0.000001
0.000043,0.000000,267996301160261615616.000000
16483733082529809301504.000000,0.000000,0.000011
0.000000,0.000003,812636624005894242304.000000
66525169593682787041280.000000,52302504732871354220544.000000,217478880048916780285952.000000
0.000003,13666267644847944892416.000000,0.000043
0.000000,267996301160261615616.000000,16483733082529809301504.000000
0.000000,0.000001,0.000000
16617398793570258780160.000000,0.000003,16987547395144026161152.000000
0.000174,259655933717534212096.000000,3287138242995962249216.000000
0.000000,0.000000,0.000000
267996301160261615616.000000,16483733082529809301504.000000,0.000000
0.000000,0.000000,0.000000
0.000000,0.000001,0.000170
4227921627805195960320.000000,0.000220,1047850695712944685056.000000
0.000000,0.000000,267996301160261615616.000000
16483733082529809301504.000000,0.000000,0.000011
0.000000,0.000014,0.000003
0.000173,1052444296964118413312.000000,218880778555323177762816.000000
13162967868491155111936.000000,0.000001,812524878440140111872.000000
0.000000,279041594268752367625779019776.000000,263295721825751793664.000000
0.000000,0.000175,0.000000
16839396981802046324736.000000,264240668506941554688.000000,208237817872725693169664.000000
13664481967595692490752.000000,0.000000,264267672512519733248.000000
208928231939763077120.000000,0.000014,0.000000
279041594268752367625779019776.000000,263295721825751793664.000000,0.000000
0.000000,0.000000,0.000220
831065424049838489600.000000,3383048026560351174656.000000,0.000176
0.000003,0.000001,0.000003
0.000000,0.000000,279041594268752367625779019776.000000
263295721825751793664.000000,0.000000,0.000175
0.000000,0.000000,16763591266974239293440.000000
0.000000,66816669583163969765376.000000,67705752207200943603712.000000
0.000000,0.000003,53184728374675842793472.000000
0.000000,279041594268752367625779019776.000000,263295721825751793664.000000
0.000000,0.000175,0.000000
0.000011,206617076090363969536.000000,16913419271177414639616.000000
831137270537643884544.000000,3269065016216347738112.000000,207775345619528318976.000000
0.000219,0.000001,0.000000
279041594268752367625779019776.000000,263295721825751793664.000000,0.000000
0.000175,0.000000,0.000000
0.000000,0.000014,216510335913054481416192.000000
0.000000,0.000011,0.000000
0.000000,0.000000,279041594268752367625779019776.000000
263295721825751793664.000000,0.000000,0.000175
0.000000,0.000170,53242153773524443987968.000000
0.000000,66465226682642485739520.000000,0.000013
13369623418692398219264.000000,0.000001,3287281232284131262464.000000
0.000000,279041594268752367625779019776.000000,263295721825751793664.000000
0.000000,0.000000,0.000000
0.000000,3397673466350236860416.000000,0.000042
203144783185475272704.000000,0.000000,0.000003
0.000000,0.000000,0.000000
279041594268752367625779019776.000000,263295721825751793664.000000,0.000000
0.000000,0.000000,0.000000
0.000000,0.000000,0.000044
0.000001,259664993693347086336.000000,0.000003
0.000043,0.000000,279041594268752367625779019776.000000
263295721825751793664.000000,0.000000,0.000175
0.000000,67411545554343711211520.000000,212588814011885158400.000000
0.000175,0.000000,0.000000
0.000011,0.000000,0.000042
0.000000,279041594268752367625779019776.000000,263295721825751793664.000000
0.000000,0.000011,0.000000
3416410411124935098368.000000,3250675693037887160320.000000,0.000000
0.000003,0.000000,264245998939313012736.000000
812579273479389446144.000000,54665079586591034310656.000000,0.000000
279041594268752367625779019776.000000,263295721825751793664.000000,0.000000
0.000000,0.000000,212734301812684943785984.000000
0.000000,0.000000,52891868298107194179584.000000
218877067589230224474112.000000,0.000000,16852595906409962405888.000000
0.000001,0.000000,279041594268752367625779019776.000000
263295721825751793664.000000,0.000000,0.000000
0.000000,0.000000,0.000042
0.000042,0.000011,0.000001
16764981753359189934080.000000,0.000000,0.000000
0.000000,279041594268752367625779019776.000000,263295721825751793664.000000
0.000000,0.000000,0.000000
0.000003,269402663578323667386368.000000,0.000000
218640952867966444109824.000000,0.000042,52059238295399309508608.000000
3324464076707608920064.000000,855006418931451691008.000000,0.000000
279041594268752367625779019776.000000,263295721825751793664.000000,0.000000
0.000175,0.000000,0.000000
0.000001,0.000000,0.000013
3327491621557108736000.000000,0.000168,0.000000
54130115001254202572800.000000,0.000000,279041594268752367625779019776.000000
263295721825751793664.000000,0.000000,0.000000
0.000000,849490635287829676032.000000,4154351105767448248320.000000
0.000011,0.000219,0.000000
821787938448711090176.000000,67945573390958049886208.000000,0.000000
0.000000,279041594268752367625779019776.000000,263295721825751793664.000000
0.000000,0.000000,0.000000
0.000000,66815696805644457738240.000000,844914837328932896768.000000
0.000001,0.000000,0.000001
3342911665206248603648.000000,0.000000,0.000000
279041594268752367625779019776.000000,263295721825751793664.000000,0.000000
0.000000,0.000000,0.000000
0.000043,0.000000,0.000003
13605395866384498425856.000000,269646146188577825882112.000000,4190969311387644329984.000000
0.000001,0.000000,279041594268752367625779019776.000000
263295721825751793664.000000,0.000000,0.000003
0.000000,209125651451553513472.000000,0.000003
0.000177,854084377276491759616.000000,265887694141153542668288.000000
0.000001,0.000011,0.000001
0.000000,279041594268752367625779019776.000000,263295721825751793664.000000
0.000000,0.000175,0.000000
1057034309409339080704.000000,0.000014,0.000003
267271181932283249557504.000000,0.000000,0.000000
0.000000,0.000000,12844919040361168776037000019968.000000
70947799003352788893696.000000,71429599658577895420765856071680.000000,0.000000
0.000003,202018883278632648704.000000,835727916301562150912.000000
0.000000,1047864910199268573184.000000,52894174141116407873536.000000
0.000011,0.000000,205464066624826900480.000000
0.000000,12844919040361168776037000019968.000000,70947799003352788893696.000000
71429599658577895420765856071680.000000,0.000000,0.000003
51716834119329958068224.000000,0.000000,264267690104705777664.000000
0.000000,212757288185183042797568.000000,0.000001
0.000000,0.000000,0.000000
12844919040361168776037000019968.000000,70947799003352788893696.000000,71429599658577895420765856071680.000000
0.000000,0.000003,0.000042
3323972902873248825344.000000,209187861221318754041856.000000,0.000000
213539126309818466304.000000,0.000000,0.000000
0.000000,0.000000,12844919040361168776037000019968.000000
70947799003352788893696.000000,71429599658577895420765856071680.000000,0.000000
0.000001,51714514765521862262784.000000,0.000044
0.000011,0.000000,270809173770748492251136.000000
0.000000,0.000054,0.000172
0.000000,12844919040361168776037000019968.000000,70947799003352788893696.000000
71429599658577895420765856071680.000000,0.000000,0.000003
3232157454320093102080.000000,0.000000,0.000014
0.000000,4157666599518123065344.000000,0.000001
0.000168,854984815726989148160.000000,0.000000
12844919040361168776037000019968.000000,70947799003352788893696.000000,71429599658577895420765856071680.000000
0.000000,0.000003,0.000000
0.000055,0.000170,4194487467121550819328.000000
0.000001,0.000000,0.000176
13518113853806244528128.000000,0.000000,12844919040361168776037000019968.000000
70947799003352788893696.000000,71429599658577895420765856071680.000000,0.000000
0.000003,0.000042,213508445537357004800.000000
13517253666277416763392.000000,0.000000,13457821913794822012928.000000
0.000000,0.000011,0.000000
0.000000,12844919040361168776037000019968.000000,70947799003352788893696.000000
71429599658577895420765856071680.000000,0.000000,0.000000
0.000000,0.000000,3397975770475224104960.000000
0.000000,211792635159398792036352.000000,209214684660699372716032.000000
210603648828975962128384.000000,0.000177,0.000000
12844919040361168776037000019968.000000,70947799003352788893696.000000,71429599658577895420765856071680.000000
0.000000,0.000000,0.000001
0.000003,0.000014,3361443133247948062720.000000
0.000000,0.000000,0.000220
214144613043195269349376.000000,0.000000,12844919040361168776037000019968.000000
70947799003352788893696.000000,71429599658577895420765856071680.000000,0.000000
0.000000,0.000001,0.000000
52007374842090510876672.000000,212738913498703371173888.000000,0.000000
0.000000,0.000000,0.000003
0.000000,12844919040361168776037000019968.000000,70947799003352788893696.000000
71429599658577895420765856071680.000000,0.000000,0.000000
206839666361209267945472.000000,0.000000,0.000003
0.000001,66467514511253189951488.000000,0.000001
13443408143187422740480.000000,0.000001,0.000000
12844919040361168776037000019968.000000,70947799003352788893696.000000,71429599658577895420765856071680.000000
0.000000,0.000001,807949221218731687936.000000
0.000175,0.000000,0.000216
260813429190512607232.000000,0.000000,0.000000
0.000000,0.000000,12844919040361168776037000019968.000000
70947799003352788893696.000000,71429599658577895420765856071680.000000,0.000000
0.000000,0.000000,0.000003
0.000000,0.000000,53774794501453552549888.000000
0.000000,0.000044,0.000001
0.000000,12844919040361168776037000019968.000000,70947799003352788893696.000000
71429599658577895420765856071680.000000,0.000000,0.000000
3231869786893894811648.000000,54715564938413857570816.000000,0.000000
271800704279108890132480.000000,0.000000,3324320524469486485504.000000
0.000001,13383462980347307753472.000000,0.000000
12844919040361168776037000019968.000000,70947799003352788893696.000000,71429599658577895420765856071680.000000
0.000000,0.000000,0.000167
4250115648243854475264.000000,0.000175,841153135371427512320.000000
16839686338078104879104.000000,0.000003,822634474441168388096.000000
13149422166711931502592.000000,0.000000,12844919040361168776037000019968.000000
70947799003352788893696.000000,71429599658577895420765856071680.000000,0.000000
0.000000,0.000000,52599976495458430222336.000000
0.000043,0.000003,0.000001
1056962392552789508096.000000,4227993966874210598912.000000,0.000042
0.000000,12844919040361168776037000019968.000000,70947799003352788893696.000000
71429599658577895420765856071680.000000,0.000000,0.000000
206839666361209267945472.000000,0.000000,16986967556692002209792.000000
0.000000,16763593518774052978688.000000,0.000001
67115258238458633650176.000000,0.000000,0.000000
12844919040361168776037000019968.000000,70947799003352788893696.000000,71429599658577895420765856071680.000000
0.000000,0.000000,0.000010
3364397213128526397440.000000,0.000218,0.000001
0.000001,0.000000,0.000011
0.000011,0.000000,12844919040361168776037000019968.000000
70947799003352788893696.000000,71429599658577895420765856071680.000000,0.000000
0.000000,202005390071936581632.000000,16911106672768759889920.000000
0.000011,0.000000,0.000000
0.000044,831097934409648570368.000000,0.000001
0.000000,4592658201915356501508096.000000,16532820884704985088.000000
281751455506530041856.000000,0.000000,0.000000
4246153324996698570752.000000,0.000170,0.000000
0.000000,0.000000,0.000000
53188173628390781222912.000000,855002900494242807808.000000,0.000000
4592658201915356501508096.000000,16532820884704985088.000000,281751455506530041856.000000
0.000003,0.000000,0.000000
0.000011,3397961696726388572160.000000,0.000217
0.000000,206828657311920160768.000000,0.000220
13000691914917927714816.000000,0.000000,4592658201915356501508096.000000
16532820884704985088.000000,281751455506530041856.000000,0.000000
0.000000,0.000011,16617171361789076570112.000000
0.000014,0.000054,4246453940271825551360.000000
0.000173,268258190826617767460864.000000,212738913498703371173888.000000
0.000000,4592658201915356501508096.000000,16532820884704985088.000000
281751455506530041856.000000,0.000000,0.000000
0.000000,13088312823368141242368.000000,0.000174
271763828805359980511232.000000,66764977266641011212288.000000,0.000172
0.000000,53776172602939527921664.000000,0.000000
4592658201915356501508096.000000,16532820884704985088.000000,281751455506530041856.000000
0.000003,0.000001,0.000000
0.000000,0.000003,0.000000
0.000014,210287509786670923776.000000,0.000014
4172582521483974148096.000000,0.000000,4592658201915356501508096.000000
16532820884704985088.000000,281751455506530041856.000000,0.000000
0.000000,0.000001,0.000001
0.000000,0.000000,270804634142324102791168.000000
0.000176,263312944575889276928.000000,0.000000
0.000000,4592658201915356501508096.000000,16532820884704985088.000000
281751455506530041856.000000,0.000003,0.000001
0.000000,3305885883819775492096.000000,0.000042
0.000000,4194559524715588747264.000000,0.000000
0.000000,0.000000,0.000000
4592658201915356501508096.000000,16532820884704985088.000000,281751455506530041856.000000
0.000000,0.000000,4190811966875663073280.000000
0.000003,13296129176373339095040.000000,0.000003
213937897820298963582976.000000,204312095098266451968.000000,205657774185361965056.000000
0.000000,0.000000,4592658201915356501508096.000000
16532820884704985088.000000,281751455506530041856.000000,0.000003
0.000001,0.000042,52591901541326554923008.000000
52653231561052086337536.000000,0.000001,0.000000
1062460372904134574080.000000,264263168912892362752.000000,0.000000
0.000000,4592658201915356501508096.000000,16532820884704985088.000000
281751455506530041856.000000,0.000003,0.000001
0.000000,0.000001,0.000001
13371350549149494804480.000000,0.000003,0.000000
0.000000,13076260064865390952448.000000,0.000000
4592658201915356501508096.000000,16532820884704985088.000000,281751455506530041856.000000
0.000000,0.000000,0.000000
0.000001,13445426881720391565312.000000,0.000177
0.000000,67351818816085523693568.000000,0.000000
13518063188310436610048.000000,0.000000,4592658201915356501508096.000000
16532820884704985088.000000,281751455506530041856.000000,0.000000
0.000000,208891429086558158848.000000,0.000054
16631006419844358733824.000000,13516909140905922920448.000000,0.000000
0.000000,3290812335866966441984.000000,1056944518891768381440.000000
0.000000,267996301160261615616.000000,16483733082529809301504.000000
0.000000,0.000011,0.000000
209228429646762107469824.000000,0.000042,264249570153080029184.000000
0.000001,0.000011,270818433171582365990912.000000
0.000000,0.000001,0.000000
267996301160261615616.000000,16483733082529809301504.000000,0.000000
0.000000,0.000011,0.000000
3290681450002795986944.000000,0.000000,845707822707070992384.000000
0.000001,0.000000,840234612153676464128.000000
210274808228346855424.000000,0.000000,267996301160261615616.000000
16483733082529809301504.000000,0.000000,0.000001
0.000000,3379586447296763527168.000000,0.000169
52945843939641229574144.000000,0.000003,0.000001
0.000000,0.000000,1038515859585312489472.000000
0.000000,267996301160261615616.000000,16483733082529809301504.000000
0.000000,0.000000,0.000011
0.000014,215122182392710818693120.000000,0.000011
0.000000,0.000000,0.000003
0.000003,13458113521870694252544.000000,0.000000
267996301160261615616.000000,16483733082529809301504.000000,0.000000
0.000000,0.000011,0.000000
3346022526648854773760.000000,3253703237887386976256.000000,0.000000
0.000000,263106535457030144000.000000,208237817872725693169664.000000
0.000001,0.000000,267996301160261615616.000000
16483733082529809301504.000000,0.000000,0.000000
0.000172,0.000000,0.000174
3416481624294042894336.000000,215334464064746554392576.000000,264276732488332607488.000000
0.000001,0.000055,0.000000
0.000000,279041594268752367625779019776.000000,263295721825751793664.000000
0.000000,0.000000,0.000000
13075344708241127899136.000000,0.000000,0.000000
0.000044,0.000000,53184521209092983750656.000000
3346165797412000497664.000000,66474445551079713144832.000000,0.000000
279041594268752367625779019776.000000,263295721825751793664.000000,0.000000
0.000000,0.000000,0.000003
0.000043,0.000011,818073242812316385280.000000
0.000000,0.000000,0.000044
265897746175521833615360.000000,0.000000,279041594268752367625779019776.000000
263295721825751793664.000000,0.000000,0.000000
0.000000,0.000003,0.000000
67409248718533752258560.000000,204527353086705926144.000000,0.000000
1044028406266702331904.000000,4249827417867702763520.000000,826522417925728501760.000000
0.000000,279041594268752367625779019776.000000,263295721825751793664.000000
0.000000,0.000000,0.000000
66520350742081500610560.000000,0.000003,213927827771532163153920.000000
0.000003,0.000177,0.000000
0.000042,0.000000,0.000000
279041594268752367625779019776.000000,263295721825751793664.000000,0.000000
0.000000,0.000000,0.000003
0.000011,53834741916093481222144.000000,0.000044
821859925674004840448.000000,0.000001,0.000220
0.000000,0.000000,279041594268752367625779019776.000000
263295721825751793664.000000,0.000000,0.000000
0.000000,215094656391788330221568.000000,0.000042
821910731907301113856.000000,205658618610292097024.000000,0.000168
0.000218,209413059217085788323840.000000,0.000000
0.000000,279041594268752367625779019776.000000,263295721825751793664.000000
0.000000,0.000000,0.000000
0.000013,0.000013,208922866323019530240.000000
0.000000,0.000000,16778865225110466330624.000000
4209762832632661409792.000000,0.000000,0.000000
279041594268752367625779019776.000000,263295721825751793664.000000,0.000000
0.000011,0.000000,4176111936216949063680.000000
16631523207901599498240.000000,0.000000,0.000000
0.000014,0.000000,13296126924573525409792.000000
840303643891714752512.000000,0.000000,279041594268752367625779019776.000000
263295721825751793664.000000,0.000000,0.000011
0.000000,0.000000,0.000000
0.000001,211798039478951636631552.000000,16778525203338599858176.000000
0.000000,0.000003,0.000000
0.000000,279041594268752367625779019776.000000,263295721825751793664.000000
0.000000,0.000175,0.000000
0.000170,0.000003,206810801243085078528.000000
0.000003,0.000003,0.000000
0.000000,3253715904261338955776.000000,0.000000
279041594268752367625779019776.000000,263295721825751793664.000000,0.000000
0.000175,0.000000,0.000000
3324462950807702077440.000000,0.000000,263084052643265380352.000000
0.000003,0.000000,17000225028095074107392.000000
3250099795235537158144.000000,0.000000,279041594268752367625779019776.000000
263295721825751793664.000000,0.000000,0.000000
0.000000,67654843517013147516928.000000,0.000001
0.000168,3253787961855376883712.000000,16764455958102694428672.000000
0.000000,4228078690842200506368.000000,854985237939454214144.000000
0.000000,279041594268752367625779019776.000000,263295721825751793664.000000
0.000000,0.000000,0.000000
4176328108999062847488.000000,0.000000,0.000054
13162094170163445235712.000000,0.000011,0.000000
827332925121166835712.000000,207775363211714363392.000000,0.000000
279041594268752367625779019776.000000,263295721825751793664.000000,0.000000
0.000000,0.000000,0.000011
0.000000,0.000000,0.000000
0.000042,0.000000,0.000043
205442498604736446464.000000,0.000000,279041594268752367625779019776.000000
263295721825751793664.000000,0.000000,0.000000
0.000000,1062514345730918842368.000000,209412987159491750395904.000000
3290682012952749408256.000000,0.000054,53192591659625231679488.000000
265864599682264386764800.000000,0.000055,0.000055
0.000000,279041594268752367625779019776.000000,263295721825751793664.000000
0.000000,0.000000,0.000000
0.000003,67353921997111505715200.000000,3250401817885547692032.000000
208021086644258115420160.000000,0.000000,0.000000
0.000000,210062277028744265728.000000,0.000000
279041594268752367625779019776.000000,263295721825751793664.000000,0.000000
0.000000,0.000000,13371936017101052968960.000000
0.000000,0.000013,67650213816596210647040.000000
0.000003,821914109607021641728.000000,1043145489633505181696.000000
205473988617755951104.000000,0.000000,279041594268752367625779019776.000000
263295721825751793664.000000,0.000000,0.000175
0.000000,0.000216,844861005239636983808.000000
13593294694185753903104.000000,0.000000,16615968900688568647680.000000
3361284662836059963392.000000,265865500402189860864000.000000,0.000000
12844919040361168776037000019968.000000,70947799003352788893696.000000,71429599658577895420765856071680.000000
0.000000,0.000000,12928344964603941224448.000000
205450643786875011072.000000,1043992166363450834944.000000,53778271280365882572800.000000
4176269562203907031040.000000,212734247769489415340032.000000,215334337963956988018688.000000
212977820451736121245696.000000,0.000000,12844919040361168776037000019968.000000
70947799003352788893696.000000,71429599658577895420765856071680.000000,0.000000
0.000000,0.000000,213729086734726070272.000000
4191316932983881990144.000000,0.000044,0.000043
66520548900465104912384.000000,0.000000,13384896250928718413824.000000
0.000000,12844919040361168776037000019968.000000,70947799003352788893696.000000
71429599658577895420765856071680.000000,0.000000,0.000000
3232086241150985306112.000000,1043199180985312739328.000000,52305986015383311613952.000000
0.000000,52653019891869599924224.000000,0.000001
0.000000,13310823296057542180864.000000,0.000000
12844919040361168776037000019968.000000,70947799003352788893696.000000,71429599658577895420765856071680.000000
0.000000,0.000000,206839666361209267945472.000000
1043275038491536261120.000000,0.000011,0.000001
0.000011,203154582033102012416.000000,3419810065893646401536.000000
0.000055,0.000000,12844919040361168776037000019968.000000
70947799003352788893696.000000,71429599658577895420765856071680.000000,0.000000
0.000000,201991861680868425728.000000,0.000001
812651260704683196416.000000,0.000011,0.000011
4209416899886284013568.000000,0.000001,16691197028864165412864.000000
0.000000,12844919040361168776037000019968.000000,70947799003352788893696.000000
71429599658577895420765856071680.000000,0.000000,0.000000
0.000010,54720397300814026113024.000000,4191028702607730278400.000000
0.000000,0.000003,854931194743925768192.000000
0.000003,0.000054,0.000000
12844919040361168776037000019968.000000,70947799003352788893696.000000,71429599658577895420765856071680.000000
0.000000,0.000003,0.000000
0.000003,0.000001,0.000220
52602277834868016545792.000000,0.000175,52059233791799682138112.000000
0.000011,0.000000,12844919040361168776037000019968.000000
70947799003352788893696.000000,71429599658577895420765856071680.000000,0.000000
0.000000,206839666361209267945472.000000,0.000042
13076498755645641588736.000000,0.000000,0.000000
0.000215,13444618485587278561280.000000,0.000011
0.000000,12844919040361168776037000019968.000000,70947799003352788893696.000000
71429599658577895420765856071680.000000,0.000000,0.000000
12927479147575579246592.000000,1057845027711009947648.000000,0.000001
13593058255205316952064.000000,16630950124849016602624.000000,0.000003
822634474441168388096.000000,13149422166711931502592.000000,0.000000
12844919040361168776037000019968.000000,70947799003352788893696.000000,71429599658577895420765856071680.000000
0.000000,0.000000,206853519433663059591168.000000
66524030182977062305792.000000,3342996107699261800448.000000,0.000000
0.000000,0.000043,0.000014
269633247879245036781568.000000,0.000000,12844919040361168776037000019968.000000
70947799003352788893696.000000,71429599658577895420765856071680.000000,0.000000
0.000003,0.000001,268225909024488775745536.000000
0.000000,0.000001,67054153398714470760448.000000
0.000000,822652418470933692416.000000,218641024925560482037760.000000
0.000000,12844919040361168776037000019968.000000,70947799003352788893696.000000
71429599658577895420765856071680.000000,0.000000,0.000000
807967446723473702912.000000,0.000001,826399342992161767424.000000
0.000001,0.000000,0.000003
0.000003,0.000000,0.000000
267996301160261615616.000000,16483733082529809301504.000000,0.000000
0.000000,0.000172,265415967272196898816.000000
13150043663460508631040.000000,0.000001,0.000000
16764117062230734798848.000000,0.000000,0.000172
208914738733067010048.000000,0.000000,267996301160261615616.000000
16483733082529809301504.000000,0.000000,0.000174
0.000003,67949946386196226637824.000000,844933133202419089408.000000
0.000000,841168264651425710080.000000,0.000000
52359011397395971833856.000000,212977856480533140209664.000000,0.000172
0.000000,267996301160261615616.000000,16483733082529809301504.000000
0.000000,0.000174,0.000003
0.000219,0.000000,0.000003
0.000003,3290826128140825264128.000000,212588866788443291648.000000
207757260852274659328.000000,0.000001,0.000000
267996301160261615616.000000,16483733082529809301504.000000,0.000000
0.000000,0.000011,854966660590991310848.000000
0.000003,66473292629575106297856.000000,0.000000
209116485922624372736.000000,4231525633406999199744.000000,0.000000
16616253753364999831552.000000,0.000000,267996301160261615616.000000
16483733082529809301504.000000,0.000000,0.000168
0.000170,16851441859005448716288.000000,817298764413897015296.000000
3290753789071810625536.000000,217451119860813668548608.000000,13665634889100299337728.000000
0.000000,0.000000,0.000001
0.000000,267996301160261615616.000000,16483733082529809301504.000000
0.000000,0.000011,0.000000
0.000000,0.000000,0.000003
259660525278091804672.000000,0.000000,3361356438955121180672.000000
0.000001,3287136835621078695936.000000,0.000000
267996301160261615616.000000,16483733082529809301504.000000,0.000000
0.000000,0.000011,13445135273644519325696.000000
0.000220,0.000000,16692399489964673335296.000000
0.000000,0.000001,13147973133531825045504.000000
1043202840160009977856.000000,0.000000,267996301160261615616.000000
16483733082529809301504.000000,0.000000,0.000000
0.000011,0.000003,0.000014
0.000044,1052440919264397885440.000000,0.000054
0.000000,0.000000,0.000013
0.000000,267996301160261615616.000000,16483733082529809301504.000000
0.000000,0.000000,0.000172
16987198366172904947712.000000,0.000000,0.000001
54661386634896590503936.000000,54373178776743015612416.000000,0.000011
16913415893477694111744.000000,0.000000,0.000000
267996301160261615616.000000,16483733082529809301504.000000,0.000000
0.000011,0.000000,0.000000
0.000000,0.000013,0.000001
3323959392074366713856.000000,0.000000,0.000054
0.000001,0.000000,267996301160261615616.000000
16483733082529809301504.000000,0.000000,0.000000
0.000011,0.000000,826381328593652285440.000000
0.000043,0.000044,0.000000
0.000000,16763539475578524532736.000000,0.000000
0.000000,267996301160261615616.000000,16483733082529809301504.000000
0.000000,0.000011,0.000000
0.000011,67950185076976477274112.000000,0.000177
0.000171,0.000000,0.000003
0.000000,52653010884670345183232.000000,0.000000
279041594268752367625779019776.000000,263295721825751793664.000000,0.000000
0.000000,0.000000,52059247302598564249600.000000
0.000000,204324796656590520320.000000,0.000003
218858566801960986476544.000000,0.000011,0.000043
0.000218,0.000000,279041594268752367625779019776.000000
263295721825751793664.000000,0.000000,0.000175
0.000000,0.000001,0.000000
13370201005344608485376.000000,831065424049838489600.000000,0.000000
0.000000,54720203646030049181696.000000,0.000000
0.000000,279041594268752367625779019776.000000,263295721825751793664.000000
0.000000,0.000175,0.000000
265389825283734896640.000000,812633105568685359104.000000,854985167570710036480.000000
0.000169,0.000000,0.000001
0.000001,0.000001,0.000000
279041594268752367625779019776.000000,263295721825751793664.000000,0.000000
0.000000,0.000000,0.000054
0.000001,13076211651169396719616.000000,3327635736745184591872.000000
0.000043,13088653971039914557440.000000,0.000172
0.000000,0.000000,279041594268752367625779019776.000000
263295721825751793664.000000,0.000000,0.000000
0.000000,52353462962655051382784.000000,0.000219
267272046623411704692736.000000,0.000000,0.000000
13015677642678003040256.000000,831047057807608119296.000000,0.000000
0.000000,279041594268752367625779019776.000000,263295721825751793664.000000
0.000000,0.000000,0.000000
0.000011,13297855180930528837632.000000,0.000001
66471923535288385667072.000000,854048489216961150976.000000,0.000000
0.000003,0.000000,12844919040361168776037000019968.000000
70947799003352788893696.000000,71429599658577895420765856071680.000000,0.000000
0.000003,808075533114530594816.000000,0.000000
16705030961019540733952.000000,0.000042,0.000000
53834732908894226481152.000000,67410383625639849623552.000000,0.000000
0.000000,12844919040361168776037000019968.000000,70947799003352788893696.000000
71429599658577895420765856071680.000000,0.000000,0.000001
0.000003,0.000000,0.000000
211440466475649859584.000000,13163304512563301056512.000000,3379313698044330901504.000000
54366265751315001901056.000000,0.000011,0.000000
12844919040361168776037000019968.000000,70947799003352788893696.000000,71429599658577895420765856071680.000000
0.000000,0.000000,0.000001
13074532934408294367232.000000,0.000003,4157678984417098334208.000000
13150625753712346267648.000000,0.000000,267072933476686400323584.000000
0.000043,0.000000,12844919040361168776037000019968.000000
70947799003352788893696.000000,71429599658577895420765856071680.000000,0.000000
0.000042,12928339335104407011328.000000,0.000000
0.000054,0.000000,13236171628634248839168.000000
0.000000,0.000173,271998214144366850605056.000000
0.000000,12844919040361168776037000019968.000000,70947799003352788893696.000000
71429599658577895420765856071680.000000,0.000000,0.000003
206858077076485958533120.000000,0.000013,0.000170
0.000000,0.000175,0.000000
66471914528089130926080.000000,0.000000,0.000000
12844919040361168776037000019968.000000,70947799003352788893696.000000,71429599658577895420765856071680.000000
0.000000,0.000000,206839666361209267945472.000000
0.000044,16704738227043761651712.000000,0.000003
262169047862723215360.000000,0.000000,0.000000
0.000011,0.000000,12844919040361168776037000019968.000000
70947799003352788893696.000000,71429599658577895420765856071680.000000,0.000000
0.000003,206858077076485958533120.000000,0.000003
207978007602759991296.000000,3305946119464791572480.000000,0.000000
67939574596254392385536.000000,0.000003,849490564919085498368.000000
0.000000,12844919040361168776037000019968.000000,70947799003352788893696.000000
71429599658577895420765856071680.000000,0.000000,0.000000
0.000042,0.000011,0.000000
0.000000,0.000001,0.000000
0.000043,263123705430609494016.000000,0.000000
12844919040361168776037000019968.000000,70947799003352788893696.000000,71429599658577895420765856071680.000000
0.000000,0.000000,0.000001
0.000000,210602784137847506993152.000000,0.000011
0.000000,0.000001,0.000000
0.000000,0.000000,12844919040361168776037000019968.000000
70947799003352788893696.000000,71429599658577895420765856071680.000000,0.000000
0.000003,808039363580023275520.000000,266096048674314211295232.000000
0.000000,0.000000,13664770197971844202496.000000
268245166416495411986432.000000,0.000000,835694983729287004160.000000
0.000000,12844919040361168776037000019968.000000,70947799003352788893696.000000
71429599658577895420765856071680.000000,0.000000,0.000042
206853429361670512181248.000000,212752712527961634373632.000000,0.000000
0.000001,0.000003,13665979414471793180672.000000
4191316651508905279488.000000,67358727337913910034432.000000,0.000000
12844919040361168776037000019968.000000,70947799003352788893696.000000,71429599658577895420765856071680.000000
0.000000,0.000000,0.000000
210085709820555427840.000000,54667169256818134220800.000000,0.000000
13015966998954061594624.000000,0.000013,206819650112665419776.000000
4209776343431543521280.000000,0.000000,12844919040361168776037000019968.000000
70947799003352788893696.000000,71429599658577895420765856071680.000000,0.000000
0.000003,51714519269121489633280.000000,0.000011
0.000000,0.000000,204320275464777105408.000000
0.000000,0.000000,0.000001
0.000000,12844919040361168776037000019968.000000,70947799003352788893696.000000
71429599658577895420765856071680.000000,0.000000,0.000000
0.000001,0.000001,0.000000
4231394466067852034048.000000,0.000000,13163304512563301056512.000000
270582372493514114072576.000000,0.000003,0.000000
12844919040361168776037000019968.000000,70947799003352788893696.000000,71429599658577895420765856071680.000000
0.000000,0.000000,201991861680868425728.000000
268245076344502864576512.000000,16631004168044545048576.000000,0.000000
0.000003,13605970075336988164096.000000,4209764521482521673728.000000
0.000174,0.000000,12844919040361168776037000019968.000000
70947799003352788893696.000000,71429599658577895420765856071680.000000,0.000000
0.000003,3232157454320093102080.000000,0.000217
0.000011,0.000001,0.000001
0.000000,0.000000,0.000001
0.000000,4592658201915356501508096.000000,16532820884704985088.000000
281751455506530041856.000000,0.000000,0.000000
0.000000,53192573645226722197504.000000,0.000001
0.000001,0.000013,0.000003
0.000054,0.000000,0.000000
4592658201915356501508096.000000,16532820884704985088.000000,281751455506530041856.000000
0.000170,0.000000,0.000043
0.000000,0.000000,208006440938269906567168.000000
0.000001,0.000000,204528197511636058112.000000
0.000000,0.000000,4592658201915356501508096.000000
16532820884704985088.000000,281751455506530041856.000000,0.000000
0.000000,0.000000,0.000001
16912843936325018058752.000000,0.000000,66520364252880382722048.000000
13679188472178870845440.000000,3401276909002086678528.000000,854930983637693235200.000000
0.000000,4592658201915356501508096.000000,16532820884704985088.000000
281751455506530041856.000000,0.000003,0.000000
0.000000,261934807905541816320.000000,0.000055
0.000003,0.000055,0.000011
0.000011,205676597824429490176.000000,0.000000
4592658201915356501508096.000000,16532820884704985088.000000,281751455506530041856.000000
0.000000,0.000000,0.000169
0.000000,0.000170,0.000000
271786130630714719207424.000000,54368553579925706113024.000000,52591910548525809664000.000000
1048643047772385181696.000000,0.000000,4592658201915356501508096.000000
16532820884704985088.000000,281751455506530041856.000000,0.000000
0.000000,54066501656517594316800.000000,0.000043
4213223285996342214656.000000,209219260317920781139968.000000,270597072242697851371520.000000
0.000000,0.000043,0.000013
0.000000,4592658201915356501508096.000000,16532820884704985088.000000
281751455506530041856.000000,0.000003,0.000000
0.000000,0.000000,52654375475357438443520.000000
265425115208939995136.000000,0.000000,0.000001
0.000001,52297893046852926832640.000000,0.000000
4592658201915356501508096.000000,16532820884704985088.000000,281751455506530041856.000000
0.000000,0.000000,0.000000
3290812335866966441984.000000,215094620362991311257600.000000,0.000043
3416193675392867893248.000000,0.000000,0.000001
0.000169,0.000000,4592658201915356501508096.000000
16532820884704985088.000000,281751455506530041856.000000,0.000170
0.000000,0.000000,0.000000
203375276007029211136.000000,16986967556692002209792.000000,0.000011
0.000000,0.000000,0.000000
0.000000,4592658201915356501508096.000000,16532820884704985088.000000
281751455506530041856.000000,0.000003,0.000001
13147689406755300704256.000000,67647898966387742212096.000000,67652533170404306452480.000000
0.000000,0.000001,0.000169
261002580374862168064.000000,0.000001,0.000000
4592658201915356501508096.000000,16532820884704985088.000000,281751455506530041856.000000
0.000000,0.000000,0.000011
3360998402784745226240.000000,0.000054,16985472361615715205120.000000
0.000000,0.000003,0.000003
210063139045860442112.000000,0.000000,4592658201915356501508096.000000
16532820884704985088.000000,281751455506530041856.000000,0.000000
0.000000,0.000000,54127583978263620354048.000000
0.000003,0.000000,0.000003
0.000000,265407012849500291072.000000,0.000000
0.000000,4592658201915356501508096.000000,16532820884704985088.000000
281751455506530041856.000000,0.000000,0.000000
0.000043,0.000001,265887640097958014222336.000000
205464981418501210112.000000,1052426141828120576000.000000,0.000217
0.000001,0.000054,0.000000
4592658201915356501508096.000000,16532820884704985088.000000,281751455506530041856.000000
0.000000,0.000000,0.000011
1057845238817242480640.000000,16690331211835803435008.000000,0.000003
16631524333801506340864.000000,0.000011,0.000014
0.000011,0.000000,4592658201915356501508096.000000
16532820884704985088.000000,281751455506530041856.000000,0.000003
0.000001,0.000013,0.000000
0.000218,845707893075815170048.000000,0.000000
0.000000,0.000000,0.000003
0.000000,4592658201915356501508096.000000,16532820884704985088.000000
281751455506530041856.000000,0.000000,0.000000
212350123231634522112.000000,1057088915554820947968.000000,0.000000
0.000044,0.000000,0.000003
0.000000,1039470693075059212288.000000,0.000000
4592658201915356501508096.000000,16532820884704985088.000000,281751455506530041856.000000
0.000000,0.000000,0.000000
210616565152707260710912.000000,0.000000,813425527996870033408.000000
854970390134432727040.000000,263087641449218441216.000000,0.000000
0.000000,0.000000,4592658201915356501508096.000000
16532820884704985088.000000,281751455506530041856.000000,0.000000
0.000000,0.000000,13224409352307463946240.000000
52355755294865382965248.000000,849562411406890893312.000000,0.000001
0.000000,67939597114252529238016.000000,854048489216961150976.000000
0.000000,267996301160261615616.000000,16483733082529809301504.000000
0.000000,0.000000,0.000011
0.000171,1052336140204317343744.000000,268216667638053411487744.000000
1052350776903106297856.000000,0.000000,0.000000
0.000003,267281269995448559468544.000000,0.000000
267996301160261615616.000000,16483733082529809301504.000000,0.000000
0.000000,0.000172,836465873321753313280.000000
53192569141627094827008.000000,0.000044,0.000000
0.000003,0.000000,0.000000
4157665192143239512064.000000,0.000000,267996301160261615616.000000
16483733082529809301504.000000,0.000000,0.000011
0.000000,1052350425059385409536.000000,0.000011
205680292183498817536.000000,0.000001,0.000173
54075702510556312240128.000000,267049802989000225456128.000000,0.000011
0.000000,267996301160261615616.000000,16483733082529809301504.000000
0.000000,0.000000,0.000011
0.000003,0.000218,210409921987404992872448.000000
0.000014,263308300238773551104.000000,0.000168
855002970862986985472.000000,0.000013,0.000000
267996301160261615616.000000,16483733082529809301504.000000,0.000000
0.000011,0.000000,0.000003
211427747325139746816.000000,0.000000,0.000172
0.000000,16764685641683690323968.000000,0.000177
0.000000,0.000000,279041594268752367625779019776.000000
263295721825751793664.000000,0.000000,0.000000
0.000000,844896752561679237120.000000,3324476743081560899584.000000
0.000001,0.000011,0.000220
0.000000,817262594879389696000.000000,0.000014
0.000000,279041594268752367625779019776.000000,263295721825751793664.000000
0.000000,0.000043,0.000000
0.000000,210062364989674487808.000000,0.000000
0.000000,0.000174,0.000000
0.000001,0.000000,0.000000
279041594268752367625779019776.000000,263295721825751793664.000000,0.000000
0.000000,0.000000,0.000042
0.000054,261016882822116278272.000000,0.000001
0.000000,0.000217,0.000000
54073405674746353287168.000000,0.000000,279041594268752367625779019776.000000
263295721825751793664.000000,0.000000,0.000000
0.000000,0.000043,205464946234129121280.000000
0.000215,0.000000,209210973694606419427328.000000
0.000003,0.000170,0.000003
0.000000,279041594268752367625779019776.000000,263295721825751793664.000000
0.000000,0.000011,0.000000
0.000014,4157607771247990538240.000000,0.000011
0.000000,0.000000,0.000000
0.000215,3361069897428829732864.000000,0.000000
279041594268752367625779019776.000000,263295721825751793664.000000,0.000000
0.000000,0.000000,0.000000
203136602818964619264.000000,13089466870772654931968.000000,0.000000
268217424242790809731072.000000,0.000000,0.000000
1062456995204414046208.000000,0.000000,279041594268752367625779019776.000000
263295721825751793664.000000,0.000000,0.000177
0.000000,217700240977801294905344.000000,0.000000
0.000000,0.000218,0.000014
206612484529806376960.000000,0.000174,208029481353963534024704.000000
0.000000,279041594268752367625779019776.000000,263295721825751793664.000000
0.000000,0.000003,0.000000
0.000001,52296771650545711579136.000000,4154638491718669828096.000000
0.000000,0.000043,0.000000
0.000000,0.000170,0.000000
279041594268752367625779019776.000000,263295721825751793664.000000,0.000000
0.000001,0.000000,52593045455631907028992.000000
0.000000,0.000000,0.000000
0.000043,0.000000,0.000000
0.000000,12844919040361168776037000019968.000000,70947799003352788893696.000000
71429599658577895420765856071680.000000,0.000000,0.000000
0.000000,261015985620628013056.000000,0.000000
0.000001,13519505466091102011392.000000,0.000000
0.000000,0.000000,0.000000
12844919040361168776037000019968.000000,70947799003352788893696.000000,71429599658577895420765856071680.000000
0.000000,0.000000,0.000001
0.000000,0.000054,0.000000
0.000013,0.000011,3324030886718451220480.000000
812546622382091010048.000000,0.000000,4592658201915356501508096.000000
16532820884704985088.000000,281751455506530041856.000000,0.000000
0.000000,52295614225441477361664.000000,0.000001
0.000000,267266624289460350615552.000000,841135332079150563328.000000
0.000001,269641660603348964868096.000000,0.000000
0.000000,4592658201915356501508096.000000,16532820884704985088.000000
281751455506530041856.000000,0.000000,0.000000
212724159706324105428992.000000,0.000000,0.000000
209205407245466989494272.000000,0.000001,0.000011
0.000014,0.000044,0.000000
4592658201915356501508096.000000,16532820884704985088.000000,281751455506530041856.000000
0.000000,0.000000,0.000000
4157823944030104322048.000000,0.000000,0.000000
0.000011,0.000000,0.000000
0.000014,0.000000,4592658201915356501508096.000000
16532820884704985088.000000,281751455506530041856.000000,0.000000
0.000000,13369051461539722166272.000000,265398093611175772160.000000
264456876473427427328.000000,0.000000,207778969609853468672.000000
0.000000,0.000011,0.000054
0.000000,4592658201915356501508096.000000,16532820884704985088.000000
281751455506530041856.000000,0.000000,0.000000
0.000000,54720397300814026113024.000000,0.000000
0.000000,0.000000,212364478455446765568.000000
212974091471244658475008.000000,212588919565001424896.000000,0.000000
4592658201915356501508096.000000,16532820884704985088.000000,281751455506530041856.000000
